selenographic crater coordinates: ID, X, Y, Z, a_dia_metres, b_dia_metres, angle(degree)
04-1-000300, 396489.84668585, -1195723.50602420, 1196494.82180919, 22.74, 21.57, 1.21
04-1-000311, 337576.61087907, -1238301.83734677, 1170986.48643399, 8.31, 7.13, 1.20
04-1-000328, 237609.59116492, -1314522.34124532, 1110914.69364365, 25.35, 23.63, 1.41
04-1-000331, 332020.07658976, -1281058.89253015, 1125704.02087350, 15.03, 13.71, 1.13
04-1-000341, 358716.08725525, -1287031.21721452, 1110599.91655843, 6.86, 6.50, 2.60
04-1-000342, 346317.17400725, -1290491.03294738, 1110520.62964631, 6.43, 6.31, 0.51
04-1-000361, 262310.83271148, -1340724.96746520, 1073409.68351214, 29.81, 28.37, 2.54
04-1-000376, 674942.77856233, -1202586.33951682, 1056786.21379827, 10.46, 10.19, 2.87
04-1-000378, 401766.53478400, -1328954.39785356, 1044520.28221253, 29.20, 26.56, 1.14
04-1-000399, 664702.82141219, -1251019.50652112, 1005822.60538841, 10.05, 9.68, 2.07
04-1-000732, 304017.97699952, -1258870.57770652, 1158178.18069845, 18.53, 14.78, 0.30
04-1-074510, 254569.10829257, -1399276.20735209, 997887.48095238, 3.18, 3.11, 1.48
04-1-074537, 250881.87987634, -1397281.11928708, 1001609.96202791, 1.11, 0.98, 2.02
04-1-074568, 264080.26824398, -1398274.15884796, 996819.81753084, 1.06, 1.00, 0.66
04-1-074572, 265802.87114787, -1395769.61728204, 999867.37578636, 2.42, 2.22, 1.76
04-1-074573, 270194.65954964, -1395100.28113691, 999624.33519926, 5.52, 4.85, 2.18
04-1-074575, 274887.68679451, -1394414.30489707, 999301.88929431, 1.57, 1.47, 1.11
04-1-074606, 289336.85561613, -1392625.33945840, 997716.19606006, 1.11, 0.97, 1.59
04-1-074607, 289730.50924238, -1391593.05970074, 999041.41466052, 1.17, 0.95, 1.80
04-1-074608, 287709.50892196, -1392355.85691204, 998562.54996801, 1.24, 1.16, 1.34
04-1-074609, 285694.33939036, -1393522.90071476, 997512.62128548, 1.09, 0.98, 1.40
04-1-074611, 292428.89625087, -1391646.52508290, 998180.36940334, 1.05, 0.95, 1.44
04-1-074695, 361809.75606018, -1374152.30653635, 999678.89787696, 1.05, 1.02, 0.46
04-1-074704, 348021.22679497, -1366437.67152221, 1015031.07122152, 1.14, 1.12, 1.61
04-1-074712, 351156.82149125, -1370644.51852077, 1008256.54005770, 3.62, 3.54, 2.24
04-1-074713, 362303.75134248, -1368942.58647650, 1006623.53772112, 1.18, 0.96, 1.69
04-1-074742, 411860.52998541, -1357125.30981925, 1003563.92785320, 1.52, 1.41, 0.26
04-1-074767, 453124.60892960, -1348612.31593781, 997237.01800688, 1.46, 1.31, 2.17
04-1-074770, 442035.21809656, -1351769.27181346, 997939.60826456, 2.15, 1.89, 2.83
04-1-074798, 513890.31489705, -1324819.74501626, 999664.01729284, 1.15, 1.10, 2.39
04-1-074830, 555450.54812814, -1310021.34698648, 996934.05951641, 1.06, 1.03, 0.52
04-1-074917, 647144.75020301, -1263489.57338621, 1001676.85918614, 1.61, 1.51, 0.58
04-1-074974, 724139.59002878, -1224989.87110867, 996785.04695552, 1.30, 1.20, 0.21
04-1-075035, 844785.62969138, -1141787.28131720, 1000608.71677655, 1.21, 1.12, 0.80
04-1-075062, 869746.73435392, -1119050.97040941, 1004900.14613714, 1.27, 1.22, 2.04
04-1-075063, 879777.81288790, -1117235.62371367, 998165.47779179, 1.60, 1.45, 2.47
04-1-075097, 896125.36408207, -1098366.80019169, 1004543.90849054, 1.26, 1.15, 0.52
04-1-075098, 903124.05441688, -1099911.68556114, 996554.05588441, 1.59, 1.54, 2.51
04-1-075099, 896695.98659266, -1103541.56516385, 998344.16990552, 2.99, 2.84, 0.44
04-1-077429, 892972.28171068, -1097510.00709492, 1008281.23478667, 1.12, 0.96, 1.91
04-1-077431, 886239.16338461, -1101471.65610950, 1009900.53771188, 1.05, 1.02, 1.88
04-1-077436, 866804.04614797, -1111576.48260840, 1015680.67269858, 1.52, 1.49, 1.97
04-1-077447, 841832.53115226, -1122275.96068055, 1024877.26951685, 1.60, 1.54, 0.22
04-1-077448, 834767.18131314, -1128699.78476898, 1023601.14735427, 1.14, 0.93, 1.73
04-1-077455, 849366.44580581, -1128745.07420428, 1011469.20773634, 1.23, 1.14, 2.55
04-1-077458, 846348.55592415, -1130925.90103770, 1011562.89386630, 1.21, 1.14, 1.48
04-1-077459, 843514.22345468, -1131207.84057582, 1013613.01108926, 1.28, 1.23, 0.89
04-1-077463, 833144.50051835, -1145631.41748737, 1005961.06113602, 1.06, 0.96, 1.41
04-1-077464, 831973.88166725, -1141004.63082953, 1012169.28062904, 1.04, 0.97, 1.46
04-1-077468, 821302.31604926, -1139769.73895614, 1022226.10405525, 2.10, 1.97, 1.37
04-1-077480, 800471.50471329, -1151984.95399000, 1025053.55758745, 1.06, 1.03, 3.05
04-1-077492, 774010.11635382, -1177198.10657707, 1016696.47272591, 1.40, 1.24, 2.12
04-1-077494, 768558.41255491, -1189512.10355598, 1006448.05230320, 1.44, 1.32, 1.57
04-1-077496, 768752.44545603, -1172542.34193610, 1026022.85255855, 1.31, 1.23, 1.14
04-1-077498, 749060.43942118, -1180467.00068717, 1031486.73204399, 1.43, 1.26, 1.20
04-1-077500, 757201.08665228, -1179824.23243122, 1026265.09973821, 1.11, 1.04, 1.12
04-1-077505, 752998.08810409, -1184112.61459711, 1024416.88548343, 2.12, 1.91, 1.41
04-1-077510, 751007.01735414, -1200742.96635778, 1006361.53971978, 1.19, 1.16, 1.63
04-1-077516, 730565.14289904, -1201615.81580098, 1020270.92637096, 2.43, 2.36, 1.18
04-1-077518, 726245.34795261, -1209201.02322083, 1014376.33056913, 1.14, 1.06, 1.31
04-1-077520, 721013.65097083, -1217178.78356730, 1008550.38741123, 1.24, 1.16, 1.57
04-1-077521, 718649.72557455, -1217399.97075708, 1009969.62485626, 1.12, 1.05, 1.89
04-1-077528, 697914.99156466, -1221543.32385405, 1019463.25706074, 1.08, 1.02, 1.70
04-1-077530, 705867.97054956, -1209837.99843737, 1027911.07868789, 1.21, 1.12, 1.74
04-1-077534, 704971.84691389, -1213844.24989123, 1023794.70210819, 1.07, 0.99, 1.50
04-1-077541, 686384.20726682, -1229853.07994395, 1017298.81635981, 1.58, 1.44, 1.25
04-1-077549, 683002.17283480, -1234759.28517378, 1013625.32504870, 1.27, 1.18, 1.93
04-1-077554, 674146.37281826, -1230028.10770559, 1025239.62187880, 2.05, 1.94, 0.78
04-1-077556, 672801.86203688, -1247181.04718320, 1005204.38219634, 1.24, 1.12, 1.50
04-1-077559, 668247.29353870, -1237445.72098565, 1020162.92928752, 1.09, 1.02, 2.02
04-1-077561, 668002.37275394, -1244671.34968013, 1011496.32786310, 1.41, 1.32, 2.05
04-1-077562, 665141.65953745, -1245333.42616537, 1012566.04249945, 1.95, 1.89, 0.93
04-1-077563, 662243.87185858, -1243352.35616043, 1016890.71812859, 1.24, 1.08, 1.33
04-1-077577, 637099.00141024, -1257313.20487327, 1015788.91865061, 1.16, 1.05, 2.32
04-1-077581, 641120.73723809, -1242574.33256056, 1031276.87278682, 1.07, 1.02, 2.56
04-1-077588, 635219.21787556, -1249328.08828572, 1026759.28681552, 1.21, 1.12, 1.50
04-1-077618, 618663.06228162, -1267212.07803318, 1014883.40446336, 1.41, 1.28, 1.36
04-1-077620, 618642.38603821, -1270655.54850238, 1010581.43425311, 1.35, 1.26, 0.91
04-1-077622, 611654.77063516, -1274509.17565037, 1009981.96159252, 1.08, 0.98, 1.48
04-1-077626, 605145.93077548, -1275985.86121559, 1012036.18731930, 1.47, 1.39, 1.95
04-1-077632, 589419.49275415, -1280783.22923517, 1015252.55048750, 1.46, 1.38, 1.29
04-1-077637, 569747.18807746, -1291606.63480956, 1012768.08924539, 1.05, 0.96, 1.40
04-1-077639, 550847.80538678, -1294385.80392190, 1019652.31618726, 1.09, 0.99, 1.37
04-1-077640, 550328.43982370, -1301795.60408340, 1010458.10081881, 1.30, 1.12, 1.44
04-1-077641, 552384.38875024, -1305388.23531444, 1004684.92681422, 1.18, 1.09, 1.61
04-1-077643, 549352.52810928, -1305136.04519971, 1006672.96744295, 1.28, 1.19, 2.20
04-1-077650, 535672.88002543, -1310468.27636023, 1007117.77973517, 1.35, 1.29, 0.73
04-1-077651, 533103.52072655, -1312547.04971601, 1005773.15457848, 1.56, 1.40, 0.98
04-1-077660, 530457.31250787, -1313455.90000636, 1005985.78436547, 1.90, 1.70, 1.49
04-1-077662, 524887.26698710, -1300840.81123525, 1025117.21319059, 1.40, 1.32, 0.00
04-1-077665, 520223.18317206, -1318570.91039862, 1004637.92181108, 1.04, 0.97, 0.18
04-1-077667, 508086.21399173, -1307419.63194952, 1025212.69263726, 1.85, 1.76, 2.98
04-1-077668, 505765.50004039, -1308545.46748658, 1024923.79155194, 1.22, 1.19, 1.85
04-1-077674, 485835.11589438, -1325527.59994456, 1012669.53244832, 1.18, 1.13, 1.56
04-1-077675, 479992.30009096, -1329370.27345628, 1010416.16569816, 1.39, 1.26, 1.61
04-1-077694, 441329.81702106, -1340419.66845160, 1013440.60755245, 3.41, 3.38, 1.56
04-1-077700, 406639.89082006, -1348898.08420691, 1016698.93164927, 1.56, 1.52, 0.32
04-1-077704, 376834.09246217, -1351398.07905895, 1024830.74635473, 1.08, 1.06, 0.87
04-1-077705, 369283.43494675, -1358626.51067550, 1017999.26776184, 1.07, 1.02, 1.11
04-1-077709, 351675.75005858, -1355728.69190531, 1028047.97590650, 1.18, 1.09, 1.39
04-1-077712, 345449.88055636, -1362404.61449951, 1021311.31708899, 1.40, 1.32, 0.93
04-1-077719, 331597.64299140, -1376229.25287527, 1007270.96984521, 1.07, 0.93, 1.49
04-1-077727, 308797.40931825, -1368126.59545081, 1025393.84570930, 1.74, 1.56, 1.24
04-1-077734, 315804.34718205, -1384313.36308306, 1001250.66146823, 1.21, 1.16, 2.23
04-1-077738, 296016.42480089, -1381028.45435830, 1011777.36903966, 2.76, 2.35, 1.10
04-1-077747, 298723.67997236, -1374449.46427057, 1019907.63953905, 1.18, 0.90, 1.50
04-1-077749, 296664.24892270, -1373170.73328110, 1022228.55598510, 1.27, 1.15, 1.53
04-1-077758, 290779.42970174, -1387526.80708428, 1004378.13739888, 1.19, 1.14, 2.27
04-1-077760, 287469.85502109, -1389116.14643856, 1003133.17867462, 1.21, 1.07, 1.60
04-1-077770, 271001.90393685, -1386173.92634109, 1011750.25277720, 1.85, 1.71, 1.40
04-1-077775, 263955.22193660, -1394142.50953240, 1002623.09165863, 3.98, 3.46, 2.00
04-1-077778, 265862.55466221, -1390798.76000524, 1006754.52380229, 1.27, 1.18, 2.07
04-1-077779, 264110.70411183, -1390978.66926645, 1006967.04892429, 1.17, 1.05, 2.21
04-1-077784, 260564.19987336, -1390165.35752313, 1009012.05963404, 1.82, 1.71, 2.01
04-1-077787, 262974.37937909, -1389625.40855842, 1009130.54640073, 1.27, 1.25, 1.48
04-1-077789, 261224.26136005, -1387533.86112598, 1012457.61862199, 1.12, 0.99, 2.02
04-1-077791, 264292.13235456, -1382845.19821475, 1018060.69885341, 1.10, 1.07, 1.50
04-1-077792, 260541.31614765, -1385102.88074755, 1015956.19606600, 1.25, 1.18, 2.01
04-1-077793, 259131.43043751, -1386798.25978172, 1014002.09488236, 1.08, 1.02, 2.32
04-1-077795, 253199.39325769, -1388307.22345111, 1013435.68151482, 1.14, 1.06, 2.29
04-1-077798, 254100.26033296, -1389536.66112833, 1011523.44761704, 1.59, 1.47, 1.08
04-1-077800, 255725.26125704, -1390603.30370617, 1009646.37496328, 2.30, 2.18, 1.22
04-1-077804, 252289.10184156, -1392401.11009594, 1008031.80391076, 1.41, 1.22, 1.75
04-1-077805, 253876.98808815, -1393952.11676279, 1005486.31571585, 1.28, 0.97, 1.33
04-1-077810, 249308.85658620, -1388241.60802761, 1014489.57203541, 1.54, 1.40, 2.28
04-1-077812, 256187.04741791, -1383744.17064721, 1018910.70606562, 1.12, 1.04, 1.33
04-1-077815, 251830.81126119, -1381486.20736359, 1023052.22807230, 1.61, 1.51, 2.86
04-1-077822, 247578.34637097, -1380405.71042319, 1025545.60943883, 1.02, 0.99, 0.54
04-1-077825, 244020.42734442, -1381511.53695553, 1024909.10050473, 1.22, 1.10, 2.10
04-1-078634, 244109.36812052, -1377103.39476182, 1030803.38403173, 1.18, 0.92, 1.48
04-1-078635, 243869.73067154, -1372406.31853624, 1037105.20744233, 1.89, 1.68, 1.93
04-1-078637, 245699.82256509, -1368694.43133998, 1041568.96594052, 1.57, 1.39, 2.38
04-1-078651, 250612.73131030, -1360532.46744950, 1051048.72575964, 1.26, 1.15, 1.97
04-1-078652, 247727.92891155, -1363564.58083849, 1047798.29505489, 1.56, 1.52, 2.20
04-1-078654, 249346.28571380, -1368533.57794025, 1040913.55829905, 1.11, 1.01, 1.78
04-1-078655, 245873.42601520, -1367328.59336284, 1043320.43790580, 1.42, 1.38, 2.06
04-1-078658, 257716.32709214, -1370216.16647834, 1036652.64764604, 1.27, 1.10, 1.52
04-1-078660, 265634.93788417, -1374126.36260828, 1029453.04864293, 1.20, 1.04, 1.76
04-1-078664, 254286.52750680, -1366814.45896887, 1041976.65841523, 1.45, 1.24, 1.55
04-1-078665, 258802.08421972, -1367316.66654982, 1040204.48690563, 1.21, 0.97, 1.54
04-1-078666, 259227.23739981, -1366690.82104823, 1040920.84187636, 5.69, 5.59, 0.90
04-1-078670, 253113.02441330, -1364479.47971624, 1045317.32325914, 1.09, 0.97, 1.97
04-1-078671, 251841.58120598, -1363463.30335112, 1046949.09063934, 1.11, 0.94, 1.96
04-1-078680, 268030.84338904, -1356761.43862585, 1051625.70606185, 1.76, 1.65, 1.22
04-1-078682, 275829.99642265, -1357809.75738068, 1048250.55966371, 1.62, 1.58, 3.09
04-1-078688, 287553.38570578, -1367495.53595370, 1032389.34976871, 1.27, 1.05, 1.74
04-1-078697, 313049.17208943, -1362363.86768968, 1031757.56254448, 1.54, 1.33, 1.84
04-1-078698, 311579.35822678, -1360317.81698104, 1034897.33806350, 1.12, 0.93, 1.99
04-1-078700, 302978.07988784, -1357114.81608837, 1041634.49398572, 1.35, 1.21, 1.48
04-1-078705, 332338.45784594, -1341110.50951745, 1053343.49131631, 1.93, 1.86, 2.10
04-1-078709, 357069.17140819, -1338766.98428967, 1048219.12241945, 1.07, 0.95, 1.80
04-1-078715, 379426.18165070, -1345433.64378139, 1031699.00787928, 1.07, 0.99, 1.82
04-1-078720, 410716.31551875, -1334805.56163328, 1033520.67265226, 1.65, 1.39, 1.46
04-1-078721, 402711.01364268, -1334095.67917593, 1037579.54793596, 1.49, 1.28, 1.44
04-1-078723, 396766.49843662, -1341955.09600377, 1029704.63047801, 2.15, 2.05, 0.12
04-1-078724, 398496.41693064, -1341517.39822275, 1029606.93274623, 1.30, 1.26, 2.12
04-1-078725, 398925.46192392, -1340219.10149145, 1031130.44559175, 1.12, 0.97, 1.61
04-1-078726, 407325.21694125, -1339488.35706888, 1028793.40439209, 2.02, 1.77, 2.18
04-1-078736, 433920.28934534, -1324448.92156689, 1037355.77149537, 1.47, 1.28, 1.63
04-1-078737, 433237.75184206, -1320807.14068322, 1042272.66466077, 1.13, 1.08, 1.89
04-1-078739, 433660.14707290, -1313265.89659466, 1051584.67166564, 1.15, 1.00, 1.83
04-1-078740, 441086.65879796, -1322871.21866342, 1036346.01280769, 1.81, 1.65, 1.73
04-1-078742, 448614.38604008, -1312088.58211794, 1046770.00592949, 1.15, 1.07, 2.65
04-1-078743, 457444.61756339, -1312642.96800510, 1042243.55138760, 1.26, 1.09, 1.82
04-1-078746, 468162.19350279, -1318610.69335102, 1029878.03159161, 1.11, 0.97, 1.32
04-1-078747, 477541.48662609, -1310824.18726106, 1035496.42135660, 1.28, 1.17, 1.37
04-1-078756, 515143.57434723, -1297992.32238814, 1033635.23006436, 1.43, 1.30, 2.03
04-1-078768, 555777.67230396, -1278689.34970509, 1036640.48055204, 1.15, 1.07, 1.83
04-1-078777, 563808.45183379, -1256759.28571739, 1058883.79315386, 1.63, 1.52, 2.23
04-1-078778, 563978.39631868, -1258784.93406132, 1056384.21905386, 1.14, 1.09, 1.72
04-1-078780, 560601.09185865, -1257063.49229903, 1060224.76491348, 1.64, 1.59, 1.70
04-1-078781, 560683.23254987, -1262219.17835096, 1054037.86390264, 2.54, 2.40, 2.07
04-1-078783, 572005.56866696, -1274852.35693420, 1032530.80217169, 2.04, 1.97, 1.57
04-1-078790, 584157.66066907, -1261341.04138872, 1042275.09074623, 1.34, 1.31, 0.01
04-1-078792, 579283.36461676, -1265206.26399404, 1040308.92192105, 1.28, 1.20, 1.42
04-1-078802, 593664.21683461, -1248341.56841612, 1052504.10270674, 1.36, 1.22, 1.50
04-1-078804, 605284.12717010, -1247808.00524436, 1046501.34612624, 1.85, 1.72, 1.38
04-1-078811, 608456.17456993, -1255742.29997747, 1035109.23079404, 1.50, 1.42, 1.48
04-1-078816, 604587.44357855, -1258318.77433114, 1034246.89761823, 1.09, 1.00, 1.65
04-1-078819, 614004.26512437, -1238422.81334062, 1052552.35395043, 1.06, 1.01, 1.53
04-1-078820, 615112.78063920, -1241039.61126551, 1048816.33776571, 1.12, 1.08, 1.09
04-1-078821, 617503.76218475, -1246136.90034689, 1041340.81322185, 1.33, 1.30, 2.11
04-1-078832, 642768.11748027, -1238067.91165708, 1035661.98794585, 1.08, 1.01, 1.93
04-1-078841, 649355.50044382, -1227610.51903517, 1043967.72344626, 1.12, 1.06, 1.64
04-1-078845, 643831.50188738, -1222427.68107758, 1053427.89108355, 1.37, 1.28, 0.62
04-1-078854, 664940.23728415, -1211173.68388889, 1053314.55334839, 1.43, 1.30, 1.90
04-1-078855, 665053.66137400, -1212282.92566600, 1051966.01448513, 1.13, 1.01, 1.46
04-1-078856, 667305.77296490, -1215029.99300994, 1047360.43531059, 1.27, 1.16, 0.74
04-1-078858, 671687.90486745, -1210212.37008684, 1050133.39045265, 1.19, 0.87, 1.99
04-1-078859, 676796.66848279, -1210985.05005367, 1045954.22370059, 1.29, 1.14, 2.36
04-1-078864, 668528.47884544, -1203282.20635625, 1060066.20776206, 1.33, 1.30, 0.59
04-1-078868, 691449.83306430, -1212191.44457777, 1034914.38778665, 1.49, 1.42, 1.81
04-1-078869, 697461.80155064, -1209598.93015232, 1033913.06382698, 1.16, 1.13, 1.61
04-1-078872, 706303.13504759, -1197773.72098508, 1041649.05545942, 2.59, 2.51, 0.56
04-1-078873, 717461.30308827, -1199407.97728189, 1032099.09534087, 1.98, 1.85, 1.76
04-1-078886, 734186.75798263, -1180714.30066441, 1041845.62417352, 1.37, 1.24, 1.53
04-1-078894, 747386.82122928, -1163459.82488911, 1051823.62367546, 4.91, 4.79, 0.66
04-1-078897, 760965.90981425, -1153583.40372886, 1052964.84971813, 1.15, 1.02, 2.21
04-1-078904, 773750.08953449, -1166132.33644984, 1029565.40969063, 2.68, 2.59, 0.95
04-1-078907, 776809.77686744, -1159815.24389405, 1034385.77455133, 1.07, 0.97, 1.67
04-1-078910, 785002.20579945, -1151374.43106967, 1037625.75930294, 1.76, 1.65, 0.17
04-1-078913, 797134.25845204, -1150650.16517123, 1029145.24309912, 1.05, 0.99, 1.67
04-1-078918, 835649.11974829, -1119355.11819236, 1033098.94397414, 1.20, 1.14, 2.46
04-1-078927, 868200.50551999, -1091477.62544717, 1036080.70890401, 1.14, 1.08, 2.40
04-1-078935, 864526.47139862, -1081346.91544915, 1049686.42398559, 1.27, 1.15, 2.21
04-1-078938, 861675.52827913, -1083973.42600858, 1049321.52159007, 1.47, 1.45, 2.17
04-1-078939, 861933.07361075, -1081117.40806997, 1052052.89153351, 1.53, 1.36, 1.14
04-1-078940, 861253.65657889, -1079839.83743732, 1053919.74291824, 1.07, 0.99, 1.12
04-1-078961, 885571.96259648, -1075699.25779319, 1037878.68551494, 1.05, 0.98, 2.03
04-1-078965, 882879.29834992, -1063810.98706578, 1052325.56195470, 1.12, 0.96, 1.36
04-1-081200, 875888.99683483, -1051535.82946693, 1070350.23453586, 1.44, 1.32, 1.70
04-1-081201, 875703.25716628, -1054752.21399214, 1067333.28087671, 1.90, 1.74, 1.95
04-1-081207, 872350.50944983, -1046841.82764165, 1077815.16808890, 1.34, 1.21, 2.00
04-1-081215, 866943.07998143, -1055208.46663044, 1074012.82488792, 1.16, 1.08, 1.63
04-1-081218, 861441.27735526, -1058643.50869270, 1075058.88544366, 1.07, 1.02, 1.30
04-1-081223, 859487.84045812, -1054550.00425659, 1080631.15845651, 1.09, 0.99, 1.61
04-1-081224, 854435.89474479, -1057138.41148641, 1082107.40720672, 1.24, 0.97, 1.31
04-1-081228, 841017.32443503, -1082281.47310939, 1067668.22232579, 1.44, 1.35, 1.97
04-1-081229, 841493.14038721, -1084103.90217860, 1065442.06034979, 1.33, 1.24, 2.50
04-1-081231, 842232.56655418, -1080688.58693625, 1068323.56610780, 1.31, 1.14, 1.55
04-1-081235, 831744.08985523, -1083323.48180263, 1073857.88760242, 1.20, 1.13, 1.24
04-1-081236, 824416.87435366, -1087231.99805050, 1075556.67433011, 1.40, 1.28, 3.01
04-1-081239, 803897.12442042, -1118370.47813059, 1059035.24350917, 1.07, 1.02, 1.72
04-1-081240, 815482.27747684, -1104195.74307751, 1065034.82388638, 1.10, 1.01, 2.03
04-1-081252, 748717.15675667, -1137215.92590463, 1079222.55213977, 1.14, 1.04, 1.38
04-1-081256, 747952.14281314, -1142250.84551319, 1074425.12907397, 1.07, 0.96, 1.56
04-1-081263, 752167.83229485, -1142804.49269057, 1070887.57745484, 1.13, 1.05, 1.51
04-1-081265, 751926.34439323, -1145090.39804046, 1068612.89198802, 1.25, 1.14, 1.41
04-1-081268, 767177.29806801, -1140905.85191229, 1062229.53753008, 1.03, 0.97, 1.57
04-1-081269, 768530.01184155, -1141583.17650029, 1060522.62212097, 1.10, 1.00, 2.30
04-1-081270, 772320.75497655, -1142086.45100468, 1057221.80731576, 1.87, 1.81, 2.68
04-1-081273, 770016.80843988, -1144050.27616983, 1056778.99312761, 1.03, 0.98, 1.60
04-1-081282, 756864.64830011, -1153049.39038484, 1056499.77164536, 1.20, 1.02, 1.64
04-1-081287, 748188.47850146, -1150613.83890376, 1065298.34054167, 1.63, 1.57, 1.35
04-1-081289, 742600.73801447, -1143286.42123884, 1077032.52639428, 1.10, 1.05, 2.41
04-1-081290, 740306.84773195, -1143202.32168618, 1078699.67224084, 1.42, 1.28, 1.45
04-1-081291, 738554.98831348, -1143644.42970499, 1079431.65955146, 1.15, 0.99, 1.69
04-1-081293, 733680.46748296, -1149477.12272802, 1076556.58279484, 1.37, 1.25, 1.91
04-1-081298, 719224.63045309, -1161257.33761028, 1073664.79256605, 1.50, 1.44, 1.52
04-1-081301, 714788.22478496, -1165013.02328060, 1072558.25449966, 1.42, 1.33, 1.34
04-1-081302, 714099.53364513, -1168185.81628344, 1069561.83303351, 1.11, 1.07, 3.14
04-1-081308, 703540.56124903, -1174553.44985405, 1069585.72920236, 1.24, 1.12, 0.92
04-1-081311, 687865.90384856, -1176481.39361933, 1077632.02847267, 1.27, 1.00, 2.00
04-1-081315, 688081.21284996, -1180914.07000159, 1072634.59006094, 1.27, 1.09, 1.15
04-1-081322, 674443.38901970, -1198655.65937080, 1061559.93013394, 1.24, 1.03, 1.57
04-1-081327, 651066.92307917, -1196525.17590053, 1078423.90788985, 1.18, 0.99, 1.34
04-1-081329, 651991.84027801, -1198175.16926683, 1076030.51256147, 1.52, 0.80, 1.72
04-1-081335, 660687.58054847, -1212038.39608820, 1054994.60061033, 1.13, 0.91, 1.58
04-1-081346, 622597.00591247, -1213213.05166688, 1076589.90311722, 1.22, 1.09, 0.62
04-1-081348, 613439.06224278, -1209782.35616806, 1085669.34543588, 1.10, 1.06, 0.87
04-1-081361, 596178.16632052, -1235343.99745602, 1066328.07425861, 1.10, 0.99, 1.62
04-1-081366, 587216.57124542, -1232619.65793595, 1074422.74609421, 1.17, 1.14, 2.35
04-1-081370, 582956.33415346, -1239799.97086972, 1068464.64831636, 1.04, 1.02, 1.52
04-1-081374, 577414.75916499, -1236579.10652147, 1075185.13252974, 1.35, 1.20, 1.76
04-1-081379, 569357.35101423, -1253861.34941075, 1059350.12309430, 2.47, 2.33, 0.93
04-1-081383, 570526.06753369, -1238590.00008270, 1076547.06258467, 1.17, 1.00, 1.86
04-1-081384, 571591.11267617, -1242328.38428323, 1071663.44787617, 1.85, 1.80, 1.54
04-1-081386, 556083.84371779, -1241629.08859656, 1080595.54186889, 1.50, 1.36, 1.37
04-1-081391, 535444.73769905, -1252666.10001835, 1078278.87614254, 1.17, 1.08, 2.91
04-1-081392, 536514.95237449, -1255654.92990175, 1074263.07899510, 3.02, 2.77, 1.47
04-1-081413, 442455.86145745, -1282221.93136548, 1085678.81502189, 1.09, 1.06, 0.64
04-1-081414, 434355.02487144, -1285166.70789432, 1085468.10422463, 1.17, 1.08, 1.55
04-1-081415, 428320.80738949, -1286754.99028156, 1085984.18079764, 1.13, 1.09, 0.75
04-1-081419, 443561.75170007, -1291784.62775922, 1073826.89848678, 3.51, 3.36, 2.76
04-1-081421, 448448.76476883, -1291979.05834224, 1071560.81403829, 1.11, 1.00, 1.56
04-1-081427, 450992.25806117, -1288913.36804275, 1074182.04828120, 2.87, 2.81, 2.70
04-1-081436, 412438.19497394, -1309042.75750099, 1065298.34054167, 1.13, 0.97, 1.36
04-1-081439, 398796.35107234, -1305463.40054971, 1074842.10012288, 1.93, 1.80, 1.23
04-1-081445, 387516.75435194, -1316414.49417022, 1065571.39818742, 1.07, 1.00, 1.32
04-1-081447, 392499.75246091, -1321921.58508204, 1056894.52038144, 1.72, 1.62, 1.15
04-1-081448, 373244.62662667, -1310980.14968189, 1077301.37651187, 1.08, 0.98, 2.37
04-1-081449, 361372.82077194, -1315272.72053493, 1076116.21817718, 1.81, 1.74, 1.62
04-1-081451, 358825.52783626, -1321882.67314732, 1068844.79650037, 1.20, 1.09, 1.77
04-1-081460, 357691.01179062, -1333431.46067914, 1054787.39078324, 2.90, 2.67, 1.88
04-1-081462, 351238.29909433, -1327600.85377075, 1064268.00680867, 1.38, 1.32, 0.96
04-1-081475, 332117.41278528, -1335226.64120616, 1060861.25423550, 1.07, 0.96, 2.29
04-1-081478, 327010.69623257, -1339521.15560527, 1057026.88624055, 1.17, 1.11, 2.16
04-1-081479, 327311.10988346, -1340345.57509723, 1055888.22167128, 1.05, 0.95, 1.92
04-1-081481, 313826.79060855, -1327580.74868808, 1075918.61272548, 1.26, 1.19, 1.78
04-1-081487, 309103.28886962, -1336957.03526724, 1065626.48365149, 1.08, 0.96, 1.51
04-1-081488, 307342.50551322, -1340959.87898836, 1061096.57771966, 1.48, 1.45, 1.09
04-1-081493, 307758.78941848, -1335069.48436891, 1068378.56560426, 1.15, 0.99, 1.09
04-1-081499, 303316.18046572, -1326688.66369479, 1080025.57575801, 1.39, 1.29, 1.30
04-1-081505, 279735.53806864, -1332510.96494339, 1079222.55213977, 2.24, 2.05, 1.64
04-1-081517, 277110.32843855, -1343190.83816522, 1066586.61070806, 1.78, 1.55, 1.77
04-1-081525, 272198.52381406, -1350197.49406540, 1058977.54964539, 1.18, 1.12, 1.19
04-1-081528, 266556.98136204, -1339828.01197121, 1073483.59746408, 1.31, 1.25, 0.55
04-1-081529, 263494.60768509, -1336866.89942585, 1077922.18872254, 1.29, 1.17, 0.74
04-1-081531, 250655.01335828, -1337555.59037438, 1080127.70862366, 1.05, 0.98, 2.67
04-1-081532, 251996.95665022, -1341225.06823930, 1075254.20722986, 3.85, 3.65, 0.46
04-1-081539, 240256.46375190, -1354955.05379008, 1060628.30144880, 1.04, 0.98, 1.23
04-1-081542, 249760.50802080, -1355374.76874944, 1057893.04037345, 1.95, 1.78, 1.19
04-1-081543, 251546.42456558, -1354715.75162474, 1058313.93668802, 1.29, 1.15, 1.18
04-1-081544, 249129.49604974, -1358200.91473899, 1054411.46114795, 1.13, 0.98, 1.02
04-1-081546, 260670.28891151, -1356063.25389235, 1054372.89984221, 1.25, 1.18, 1.36
04-1-081558, 240588.92966381, -1344676.58655736, 1073555.12410293, 1.62, 1.53, 0.99
04-1-081559, 238152.70878342, -1344045.83231535, 1074887.36523176, 2.01, 1.80, 1.12
04-1-081560, 243690.91213611, -1348031.48579970, 1068636.80108582, 3.82, 3.61, 1.59
04-1-082412, 234921.55125705, -1327968.85389360, 1095385.47910930, 1.10, 1.07, 1.36
04-1-082413, 240525.44778549, -1323788.71627450, 1099222.31765549, 1.58, 1.50, 2.76
04-1-082415, 244313.13324112, -1321929.44374550, 1100623.64079853, 1.23, 1.03, 1.64
04-1-082416, 242758.27005780, -1330137.23488885, 1091037.17566396, 1.43, 1.36, 1.67
04-1-082417, 241182.81153431, -1331369.63071330, 1089882.80004537, 1.64, 1.37, 1.44
04-1-082423, 242782.25315913, -1342469.63860968, 1075820.99206242, 1.11, 1.04, 1.81
04-1-082424, 243414.48807702, -1341419.57089094, 1076987.31739281, 1.39, 1.31, 1.73
04-1-082426, 246719.08620425, -1335077.95931565, 1084091.92186460, 1.79, 1.76, 2.35
04-1-082428, 256425.55315540, -1331724.19190542, 1085962.87799482, 1.37, 1.35, 0.23
04-1-082435, 255567.48889311, -1320316.24322303, 1100004.10749337, 1.19, 1.03, 1.91
04-1-082436, 255747.08272502, -1318161.09221134, 1102544.11460850, 1.27, 1.15, 2.16
04-1-082437, 260936.83443410, -1317224.00363257, 1102448.02720568, 1.19, 1.10, 1.37
04-1-082439, 270621.33664383, -1322347.68857082, 1093946.72753499, 1.15, 0.99, 2.05
04-1-082440, 266535.80820011, -1319255.72047714, 1098672.72967679, 1.12, 1.05, 1.99
04-1-082443, 255353.94430757, -1323297.60573353, 1096465.48955564, 2.05, 2.01, 2.47
04-1-082445, 260007.08055069, -1325512.07628583, 1092690.63036339, 1.22, 1.06, 1.75
04-1-082446, 261471.79703211, -1329416.51271589, 1087585.85641554, 3.62, 3.31, 1.18
04-1-082447, 263024.99016172, -1333135.19359278, 1082648.22087083, 1.20, 1.03, 1.84
04-1-082457, 290450.19392912, -1305606.23195501, 1108868.70815565, 1.10, 0.91, 1.66
04-1-082458, 291771.37755014, -1307668.44528375, 1106088.36014655, 1.69, 1.52, 1.95
04-1-082461, 280254.96016909, -1306382.61580019, 1110576.59728435, 1.46, 1.32, 2.26
04-1-082478, 274135.06275274, -1312096.12974090, 1105356.26550380, 1.28, 1.26, 0.17
04-1-082479, 271548.74046773, -1312643.67879891, 1105344.56802377, 1.11, 1.03, 1.73
04-1-082480, 272274.96894444, -1316501.67302962, 1100567.32924274, 1.23, 1.11, 2.79
04-1-082482, 273991.94254387, -1329600.03856009, 1084274.37158776, 1.50, 1.31, 1.35
04-1-082485, 281478.53288523, -1323230.29716432, 1090133.10021814, 1.21, 1.05, 1.27
04-1-082489, 280672.39955416, -1324437.56984885, 1088874.13767680, 1.11, 1.06, 1.92
04-1-082490, 287048.69691540, -1326307.89644563, 1084928.18629859, 1.66, 1.54, 1.58
04-1-082492, 293507.28549034, -1326774.76621552, 1082626.87621259, 1.09, 0.93, 1.43
04-1-082500, 310751.70496453, -1320955.32416372, 1084928.18629859, 1.47, 1.38, 1.70
04-1-082505, 315691.03552344, -1310513.39730933, 1096107.91693287, 1.16, 0.95, 1.44
04-1-082506, 315465.75043316, -1316134.33449151, 1089417.52045588, 1.74, 1.55, 1.64
04-1-082509, 338724.69413932, -1314007.76751435, 1084992.13291718, 1.05, 0.97, 1.71
04-1-082513, 352900.18802009, -1291845.94509855, 1106866.87159198, 2.10, 1.82, 0.94
04-1-082516, 350382.98867044, -1295161.16925923, 1103788.05342939, 1.34, 1.25, 1.36
04-1-082517, 352196.34343765, -1293620.46815638, 1105017.00441035, 2.38, 2.09, 1.55
04-1-082524, 358665.10985814, -1304704.46526684, 1089800.14556946, 1.16, 1.03, 1.79
04-1-082526, 352376.91348154, -1306873.75027060, 1089252.16166822, 4.41, 4.24, 2.15
04-1-082529, 376093.16730742, -1284141.31814378, 1108193.92009730, 1.09, 1.07, 1.78
04-1-082530, 371711.56879156, -1284122.93791973, 1109692.54748103, 1.10, 1.02, 1.13
04-1-082533, 381307.49867133, -1286942.60836779, 1103150.97526337, 1.20, 1.04, 1.73
04-1-082535, 398433.25103449, -1297383.15232985, 1084715.01350389, 1.39, 1.23, 1.92
04-1-082538, 401954.98247426, -1285784.92263330, 1097154.54006854, 2.03, 1.92, 1.47
04-1-082540, 404558.32779051, -1282704.76614962, 1099799.89194053, 1.35, 1.21, 1.87
04-1-082554, 498283.34126090, -1253850.32773206, 1094592.08268107, 1.18, 1.00, 1.57
04-1-082559, 485496.04811604, -1265949.03800143, 1086381.78392634, 2.02, 1.86, 1.00
04-1-082563, 516154.83779073, -1246661.85091472, 1094521.43555945, 1.28, 1.04, 1.87
04-1-082565, 519337.50793431, -1238782.50622216, 1101937.02865931, 1.15, 1.03, 2.35
04-1-082571, 527260.75157150, -1253385.12262850, 1081471.49487436, 1.28, 1.09, 1.54
04-1-082574, 539918.46801780, -1234180.17149742, 1097199.21262089, 1.52, 1.41, 2.59
04-1-082575, 544692.71304129, -1235859.88178654, 1092940.51116713, 1.05, 0.95, 2.27
04-1-082581, 581032.56653049, -1214775.43424619, 1097852.70459337, 1.06, 0.97, 2.19
04-1-082582, 582237.71802772, -1227571.86806781, 1082878.25189833, 1.14, 1.04, 1.68
04-1-082586, 591950.71457384, -1211853.12213165, 1095246.60323386, 1.19, 1.09, 1.49
04-1-082589, 602333.19616728, -1205826.37203158, 1096237.31067140, 1.09, 0.92, 1.67
04-1-082598, 610317.02769564, -1207332.10918829, 1090147.26703676, 1.12, 1.01, 2.30
04-1-082606, 657975.45728470, -1168433.45264231, 1104712.77912287, 1.41, 1.27, 1.64
04-1-082607, 662971.41561182, -1168749.98807175, 1101386.00293627, 1.22, 0.99, 1.91
04-1-082614, 655364.09288106, -1188709.66361369, 1084447.32531996, 1.09, 1.04, 1.93
04-1-082618, 674248.59326014, -1174593.27391762, 1088245.48487655, 1.14, 1.06, 0.53
04-1-082619, 684608.91462352, -1169317.81465276, 1087458.15659900, 1.12, 1.04, 1.75
04-1-082621, 686846.59743476, -1155770.36151792, 1100452.35382047, 1.04, 0.97, 2.21
04-1-082625, 689368.26571902, -1171998.36266245, 1081549.81028896, 1.32, 1.20, 2.02
04-1-082627, 689613.31060553, -1157847.67598510, 1096531.34978056, 1.35, 1.19, 1.68
04-1-082628, 695986.74301093, -1147402.14533235, 1103462.51881963, 1.06, 0.98, 1.90
04-1-082630, 711856.16723499, -1152053.59365292, 1088389.67034831, 1.19, 1.07, 1.34
04-1-082633, 714715.87739095, -1137369.37441151, 1101876.07322968, 1.18, 1.09, 2.05
04-1-082637, 718846.20505109, -1148029.96736894, 1088046.91420292, 1.38, 1.24, 1.77
04-1-082639, 727045.10699269, -1145109.58597979, 1085674.08023549, 1.67, 1.52, 1.40
04-1-082640, 733994.09319366, -1145114.92373962, 1080982.53574497, 1.50, 1.20, 1.51
04-1-082643, 736431.08387178, -1140049.93576116, 1084672.37573307, 6.78, 6.58, 0.23
04-1-082644, 729106.31646394, -1143146.37447527, 1086360.48612624, 1.09, 0.94, 1.48
04-1-082656, 821448.26163464, -1071926.08504059, 1093048.93836780, 1.41, 1.33, 1.09
04-1-082657, 826350.28514050, -1058860.50822787, 1102051.90003176, 1.21, 1.05, 2.02
04-1-082659, 827644.93399782, -1058537.27565101, 1101390.69329874, 1.18, 1.16, 2.30
04-1-082665, 844362.46315543, -1052091.44113950, 1094858.15989794, 1.29, 1.18, 2.14
04-1-082666, 851574.94983543, -1050032.72893803, 1091242.47212604, 1.56, 1.40, 1.44
04-1-082667, 850867.60557786, -1052084.92469412, 1089816.67678999, 1.60, 1.40, 1.49
04-1-082670, 860866.95944939, -1042645.61039033, 1091034.81578827, 1.11, 0.98, 1.57
04-1-082672, 864202.41896706, -1030683.28727756, 1099729.46690457, 2.00, 1.73, 1.57
04-1-084185, 828888.63793194, -1031703.66217276, 1125650.89586721, 3.11, 2.94, 2.76
04-1-084186, 832926.29642325, -1035766.27659977, 1118919.46313633, 1.41, 1.31, 2.19
04-1-084187, 840103.47473574, -1039183.21769402, 1110352.71504150, 1.70, 1.60, 1.64
04-1-084189, 814178.20248966, -1047441.07790803, 1121846.60399788, 1.47, 1.30, 1.82
04-1-084191, 801689.23482848, -1054313.05399329, 1124400.78038903, 3.98, 3.87, 0.38
04-1-084193, 799677.10436490, -1068755.99119511, 1112131.25126449, 1.75, 1.69, 1.02
04-1-084198, 769427.89938010, -1058793.46697340, 1142582.97814644, 1.72, 1.55, 1.42
04-1-084200, 766907.72165004, -1058118.96265847, 1144899.80668009, 2.07, 1.95, 1.78
04-1-084202, 780362.90398234, -1065762.27655572, 1128602.35156543, 1.09, 1.01, 1.65
04-1-084206, 786632.22118720, -1058043.35615651, 1131509.06540034, 1.82, 1.68, 1.49
04-1-084209, 767408.73679908, -1085375.86999328, 1118750.11129420, 1.82, 1.69, 1.29
04-1-084212, 745124.58949656, -1091779.59662320, 1127548.41072339, 1.47, 1.42, 2.06
04-1-084213, 748804.91856860, -1099313.59175949, 1117747.54792857, 1.28, 1.15, 1.50
04-1-084214, 732851.25732085, -1119615.54146466, 1108128.52772323, 1.52, 1.21, 1.47
04-1-084216, 731156.91818847, -1122363.03590833, 1106467.14212930, 1.17, 1.07, 1.14
04-1-084219, 712904.57418085, -1113838.16940838, 1126805.37826237, 1.15, 0.96, 1.63
04-1-084220, 711862.68516743, -1119857.52817179, 1121485.35169354, 1.24, 0.97, 1.38
04-1-084227, 707782.21923258, -1127951.64753685, 1115942.72745384, 1.47, 1.29, 1.95
04-1-084228, 713376.78850122, -1132998.52456506, 1107233.78785199, 1.62, 1.37, 1.94
04-1-084232, 700403.88918496, -1132325.84039670, 1116168.15184116, 1.18, 1.11, 1.73
04-1-084242, 697640.08997355, -1141797.34909054, 1108221.94459030, 2.48, 2.40, 1.87
04-1-084246, 684716.71946501, -1141680.30491242, 1116372.63288750, 1.41, 1.18, 1.63
04-1-084247, 681726.92766193, -1139443.70980522, 1120479.89195967, 1.17, 1.13, 2.56
04-1-084255, 670925.37921826, -1141418.35576227, 1124980.90323783, 1.35, 1.12, 1.66
04-1-084259, 647027.64093008, -1158004.38343671, 1122024.88377656, 1.46, 1.38, 2.45
04-1-084260, 645541.23838014, -1156434.09450004, 1124497.86777410, 1.01, 1.00, 3.00
04-1-084261, 644174.63959306, -1170007.36259993, 1111161.80872415, 2.16, 2.08, 2.28
04-1-084262, 651975.58995680, -1168535.68339478, 1108156.55335047, 1.22, 1.06, 1.53
04-1-084265, 622787.29616198, -1163443.00126719, 1130086.33587954, 1.11, 1.06, 1.65
04-1-084266, 619745.68509178, -1164297.21448118, 1130878.43827773, 1.08, 0.93, 1.52
04-1-084267, 621748.46830398, -1165312.36809962, 1128731.45030858, 1.15, 1.07, 1.71
04-1-084268, 622682.34305552, -1180023.54707078, 1112820.68996105, 1.07, 0.97, 1.92
04-1-084269, 621855.32286871, -1186874.70201717, 1105976.11146513, 1.26, 1.17, 2.70
04-1-084272, 612691.52315599, -1180387.75152428, 1117968.07356215, 2.01, 1.94, 2.70
04-1-084273, 610028.05574673, -1180441.35607832, 1119367.11407020, 1.40, 1.32, 1.05
04-1-084274, 611164.69610226, -1184617.15447149, 1114324.31166608, 1.31, 1.19, 1.35
04-1-084275, 608309.94178497, -1177469.38845495, 1123424.94808381, 1.11, 1.02, 1.94
04-1-084276, 604572.69965967, -1176724.84293241, 1126219.00838687, 1.54, 1.42, 1.66
04-1-084282, 599487.58621477, -1195480.89834842, 1109053.11669841, 1.27, 0.87, 1.95
04-1-084286, 586644.59000446, -1184381.91756344, 1127672.98378885, 1.48, 1.25, 1.88
04-1-084290, 590802.24680486, -1200933.24693548, 1107822.54967812, 1.29, 1.20, 1.97
04-1-084292, 581124.70152275, -1186799.76839708, 1127988.98532421, 2.32, 2.26, 2.00
04-1-084294, 578822.04536158, -1205933.52672987, 1108714.62915950, 1.64, 1.62, 3.01
04-1-084296, 576338.64335137, -1206043.11151921, 1109888.52653632, 1.29, 1.16, 2.07
04-1-084302, 560407.91705188, -1212833.85440460, 1110646.55409165, 1.33, 1.22, 1.66
04-1-084303, 551071.56215035, -1210727.80738690, 1117594.32255595, 2.31, 2.08, 1.10
04-1-084304, 547425.65035158, -1213881.81532215, 1115963.64446488, 1.17, 0.95, 1.46
04-1-084305, 540359.94543248, -1204941.77506816, 1129019.57824822, 1.34, 1.17, 1.65
04-1-084307, 541657.49297183, -1222262.01427167, 1109613.21584416, 1.28, 1.24, 1.33
04-1-084311, 522946.90858287, -1217602.02997746, 1123623.86384341, 1.23, 1.10, 1.57
04-1-084313, 515772.80624996, -1218868.17782287, 1125565.43009449, 1.22, 1.14, 2.80
04-1-084315, 507743.83344475, -1224592.82456621, 1122999.27587678, 1.21, 0.98, 1.42
04-1-084323, 471023.99991699, -1246134.17582148, 1115277.88795076, 1.26, 1.16, 1.58
04-1-084324, 466866.46002962, -1234809.22609334, 1129531.16099299, 1.80, 1.73, 0.47
04-1-084326, 454434.30522678, -1243952.41159096, 1124557.96646064, 2.30, 2.23, 2.86
04-1-084327, 460447.86166754, -1256533.80142735, 1108002.40638562, 1.32, 1.20, 1.82
04-1-084335, 414980.69582769, -1262839.47659308, 1118743.15124093, 1.11, 0.99, 2.09
04-1-084338, 412747.93030145, -1267672.08963245, 1114093.97233750, 1.44, 1.29, 1.57
04-1-084342, 399261.51741962, -1261840.34777872, 1125570.04998599, 1.51, 1.45, 2.20
04-1-084343, 388729.12349681, -1270444.63283000, 1119561.90693452, 1.51, 1.34, 1.10
04-1-084344, 379001.92557475, -1275156.37341663, 1117538.60056178, 1.22, 1.11, 1.94
04-1-084349, 361908.71602220, -1278617.56834913, 1119248.83523554, 1.05, 0.99, 2.02
04-1-084352, 380722.67413351, -1271352.32416119, 1121281.53166391, 1.29, 1.20, 1.02
04-1-084353, 381997.00850220, -1268916.08783188, 1123605.36111965, 1.09, 1.04, 1.90
04-1-084354, 374999.87990229, -1265653.90206250, 1129625.62394238, 2.18, 2.07, 0.72
04-1-084355, 370326.36943771, -1265843.30684416, 1130954.40342082, 1.43, 1.33, 1.49
04-1-084357, 368817.27224782, -1253214.34383601, 1145419.74319258, 1.07, 0.97, 1.69
04-1-084360, 376763.42207328, -1257492.22120618, 1138121.87282100, 1.83, 1.74, 1.56
04-1-084367, 378886.12327253, -1260734.41063756, 1133822.21332354, 1.20, 1.08, 1.33
04-1-084368, 379758.04274549, -1262915.95009436, 1131099.41736674, 1.41, 1.34, 1.00
04-1-084371, 384589.94799958, -1261479.73802092, 1131069.49497383, 1.57, 1.40, 1.56
04-1-084373, 383195.02799728, -1262827.98603428, 1130037.96759523, 1.37, 1.28, 1.26
04-1-084374, 385063.49300894, -1264140.25647582, 1127933.63204978, 1.13, 1.06, 1.61
04-1-084375, 387124.56216375, -1264884.97814234, 1126392.17213162, 1.13, 1.10, 2.48
04-1-084379, 347371.20150171, -1285452.24384455, 1116021.74582858, 1.52, 1.45, 1.25
04-1-084382, 330399.04070512, -1287192.36246361, 1119165.33895421, 1.24, 1.17, 0.85
04-1-084386, 317851.02444160, -1287652.63489332, 1122265.64507416, 2.28, 2.05, 1.57
04-1-084388, 314014.19698135, -1283173.10135959, 1128459.40823823, 1.32, 1.25, 1.47
04-1-084390, 303867.83406906, -1284349.96315843, 1129897.46063664, 1.46, 1.40, 0.95
04-1-084392, 309795.71038247, -1285744.72121529, 1126696.89344368, 4.60, 4.41, 1.52
04-1-084393, 310288.11145329, -1290854.86536398, 1120702.35319503, 2.96, 2.62, 1.49
04-1-084399, 305189.36226385, -1292250.69731022, 1120493.79670850, 2.62, 2.53, 0.78
04-1-084400, 300740.83047088, -1293072.33935811, 1120748.69532587, 2.46, 2.03, 1.79
04-1-084402, 298865.20851692, -1294115.24286076, 1120046.46570291, 1.20, 1.01, 1.68
04-1-084404, 282042.67164554, -1302298.01796916, 1114912.80545370, 1.69, 1.56, 1.51
04-1-084405, 288962.01492631, -1298489.03761551, 1117580.39224124, 1.39, 1.14, 1.92
04-1-084406, 282859.07402316, -1297091.32198579, 1120760.28064520, 1.39, 1.24, 1.30
04-1-084407, 292908.26739947, -1287680.05867687, 1129001.13966948, 1.94, 1.81, 1.95
04-1-084408, 290997.98771878, -1289895.21088435, 1126964.62947212, 1.34, 1.24, 1.03
04-1-084409, 298700.93187875, -1290629.60683959, 1124104.85776188, 4.76, 3.86, 2.33
04-1-084411, 279723.79282816, -1289740.92865912, 1129991.90115122, 4.04, 3.56, 0.05
04-1-084417, 271263.59786971, -1302781.42822942, 1117020.75662510, 1.21, 1.12, 1.47
04-1-084418, 268846.85144376, -1305669.95768725, 1114228.92264639, 1.52, 1.46, 1.20
04-1-084421, 271515.22730431, -1296955.87979450, 1123718.68686445, 1.30, 1.24, 1.31
04-1-084422, 270314.99524441, -1297204.56309644, 1123720.99954917, 1.19, 1.08, 1.14
04-1-084424, 266589.01130945, -1292648.64201134, 1129844.47927814, 2.69, 2.44, 0.78
04-1-084425, 269658.83877291, -1295640.89533448, 1125680.92326756, 1.14, 0.90, 1.57
04-1-084426, 266861.37014402, -1297747.23185766, 1123919.87762947, 1.28, 1.14, 1.62
04-1-084428, 262435.21183459, -1294071.63113280, 1129187.82011082, 1.13, 1.03, 1.06
04-1-084431, 257887.67320461, -1301116.84704824, 1122117.48865096, 3.56, 3.49, 2.03
04-1-084432, 253758.79248818, -1294615.35571578, 1130546.91011910, 1.91, 1.87, 1.39
04-1-084437, 242628.31272132, -1301371.38869303, 1125221.20961044, 1.41, 1.29, 1.71
04-1-085065, 231200.62336906, -1277664.72688462, 1154416.68275740, 1.55, 1.37, 1.95
04-1-085067, 235004.28140242, -1275172.31009458, 1156402.75306252, 2.39, 2.05, 2.49
04-1-085075, 243147.20616040, -1283994.79313597, 1144899.80668009, 1.79, 1.54, 1.50
04-1-085076, 241830.55670194, -1281445.68174427, 1148030.35960910, 1.26, 1.19, 3.05
04-1-085077, 255479.74106936, -1281577.57011309, 1144922.61471514, 1.11, 1.04, 1.50
04-1-085078, 257744.84151367, -1280463.31411018, 1145661.40630252, 1.36, 1.23, 1.96
04-1-085079, 252080.39147777, -1282612.97177522, 1144516.57955067, 1.27, 1.17, 1.38
04-1-085080, 258935.62965623, -1275786.29450224, 1150600.03061654, 1.92, 1.59, 1.88
04-1-085081, 259658.44402381, -1277060.62462805, 1149022.37292045, 1.35, 1.22, 1.75
04-1-085083, 260314.14721297, -1282578.30612289, 1142710.89669423, 1.44, 1.29, 1.82
04-1-085086, 261610.31513418, -1288733.80147532, 1135466.42044156, 1.43, 1.43, 1.18
04-1-085088, 255796.27445181, -1291747.26065593, 1133364.91941672, 1.60, 1.41, 1.61
04-1-085095, 262973.45201608, -1273880.99996425, 1151794.65247275, 1.10, 1.02, 2.25
04-1-085097, 256857.05747183, -1268383.96668510, 1159217.54864352, 1.39, 1.24, 0.05
04-1-085098, 265155.20197378, -1265804.63046195, 1160168.14142060, 1.86, 1.71, 1.38
04-1-085106, 274617.77031810, -1263961.58972802, 1159976.26696313, 1.54, 1.54, 2.59
04-1-085107, 272894.05165391, -1261545.37345242, 1163009.40120565, 2.16, 2.13, 2.67
04-1-085108, 279216.19438490, -1265209.20950853, 1157515.75927415, 2.64, 2.46, 1.43
04-1-085109, 278595.79425209, -1271888.58419224, 1150322.81244288, 1.67, 1.39, 1.29
04-1-085110, 280802.73085306, -1272609.35720887, 1148988.25507047, 1.33, 1.19, 1.81
04-1-085112, 274463.34665868, -1271699.65930445, 1151524.47124057, 1.20, 1.16, 1.27
04-1-085115, 260379.39975664, -1273773.38849318, 1152502.79086386, 1.25, 1.11, 0.32
04-1-085117, 254851.47966071, -1268148.53709645, 1159917.57085359, 1.07, 0.92, 1.73
04-1-085118, 270663.04107079, -1282391.36541439, 1140514.21039324, 1.18, 1.10, 2.16
04-1-085119, 270830.24754158, -1283405.29456756, 1139333.39584712, 1.91, 1.84, 1.60
04-1-085120, 265406.87954692, -1286122.34699393, 1137544.39774981, 1.26, 1.18, 0.97
04-1-085121, 263353.54497890, -1290044.00776178, 1133574.05068437, 1.53, 1.47, 1.50
04-1-085122, 260778.04154325, -1291569.74900693, 1132431.52397796, 1.41, 1.19, 1.49
04-1-085126, 282772.06579054, -1265360.71149038, 1156486.48441092, 1.97, 1.78, 1.45
04-1-085127, 285108.21152368, -1267910.52922583, 1153115.32710308, 1.33, 1.20, 1.38
04-1-085129, 287815.14762315, -1262741.96840823, 1158103.58863928, 1.32, 1.23, 1.76
04-1-085131, 286904.52488461, -1264858.48406203, 1156017.97948693, 1.17, 1.10, 2.04
04-1-085133, 299244.13198178, -1260290.18013733, 1157877.52863759, 2.32, 2.17, 1.97
04-1-085136, 305633.21801438, -1259296.57357917, 1157289.60758227, 2.18, 1.61, 0.51
04-1-085141, 297103.04788553, -1269895.11655399, 1147891.51573197, 1.94, 1.73, 1.72
04-1-085149, 282909.41962549, -1282369.69990816, 1137562.73367434, 1.06, 0.94, 1.98
04-1-085152, 290858.44686834, -1275785.64364568, 1142948.43074958, 2.59, 2.48, 2.40
04-1-085153, 289556.89242245, -1277792.30059128, 1141035.67104640, 1.43, 1.25, 1.87
04-1-085154, 291490.99133844, -1277942.63671134, 1140374.66617065, 1.34, 1.16, 1.74
04-1-085155, 290177.54326231, -1280842.33025724, 1137452.71480069, 1.23, 1.08, 1.70
04-1-085157, 290378.77235298, -1274502.75917743, 1144500.60961796, 1.25, 1.10, 2.00
04-1-085159, 283635.78637130, -1281727.19774534, 1138105.83481916, 1.11, 0.93, 1.20
04-1-085163, 302603.05146619, -1267544.78813498, 1149051.94108674, 1.66, 1.44, 1.70
04-1-085165, 307105.32931900, -1274871.95760984, 1139713.37116133, 1.87, 1.70, 1.39
04-1-085167, 302863.41429829, -1264043.58104262, 1152834.04595134, 1.05, 0.99, 1.74
04-1-085168, 307754.58125684, -1267265.16990447, 1147991.66672168, 2.13, 1.84, 1.65
04-1-085172, 315182.17508539, -1275692.41449931, 1136586.03726130, 3.66, 3.49, 1.62
04-1-085176, 302069.22355670, -1275158.38913652, 1140738.36912528, 1.17, 1.02, 1.43
04-1-085178, 313389.30199530, -1260402.72088488, 1154006.44997369, 2.65, 2.43, 2.07
04-1-085181, 314806.38275502, -1268844.24340663, 1144329.49247608, 1.14, 1.01, 2.17
04-1-085184, 336550.47946756, -1270380.31294084, 1136409.43117456, 1.13, 0.90, 1.82
04-1-085188, 334986.58596522, -1254916.69011384, 1153918.04219238, 1.24, 1.21, 2.08
04-1-085205, 313855.06243252, -1257308.04356979, 1157251.15828855, 1.35, 1.30, 0.06
04-1-085206, 313384.56196511, -1258226.48574896, 1156380.12214053, 1.37, 1.17, 1.56
04-1-085209, 327483.78341738, -1251051.24916950, 1160251.65526711, 5.12, 4.86, 0.89
04-1-085216, 331387.97809646, -1243613.06763019, 1167119.23383713, 5.45, 5.12, 0.41
04-1-085219, 352275.34372414, -1254772.52532179, 1148915.46769186, 1.40, 1.29, 1.26
04-1-085220, 350643.04377820, -1256116.18309947, 1147946.14438378, 1.16, 1.10, 1.62
04-1-085223, 378144.12033584, -1243136.61600245, 1153333.05606378, 1.10, 1.01, 1.88
04-1-085225, 391221.89849171, -1246408.22668674, 1145412.90310008, 5.38, 4.66, 1.01
04-1-085229, 407095.33472840, -1236296.42836402, 1150827.21972360, 1.34, 1.26, 1.57
04-1-085230, 437899.78725588, -1235836.76928683, 1139960.53265012, 1.42, 1.27, 1.79
04-1-085231, 444965.91137580, -1237905.92156325, 1134968.29342152, 1.48, 1.42, 1.24
04-1-085232, 439443.26014884, -1222877.00792185, 1153265.01924139, 1.13, 1.08, 2.87
04-1-085234, 460349.74390738, -1224675.74455466, 1143156.24215760, 1.15, 0.98, 1.50
04-1-085236, 488550.61707702, -1218194.40927286, 1138367.00398861, 1.22, 1.13, 1.54
04-1-085238, 500838.53853479, -1199880.46065592, 1152391.59943765, 1.20, 1.13, 1.95
04-1-085239, 501657.99854498, -1205096.65333867, 1146577.54583272, 1.25, 1.06, 2.23
04-1-085241, 516473.76252007, -1205197.84687497, 1139873.57304058, 1.61, 1.58, 1.57
04-1-085243, 524023.62190264, -1189920.06589903, 1152409.75371562, 1.18, 1.14, 1.72
04-1-085246, 537818.26961558, -1192133.86189183, 1143733.85199468, 1.76, 1.66, 0.35
04-1-085248, 545083.62981184, -1184661.07256900, 1148050.84366975, 2.16, 2.11, 2.06
04-1-085250, 558603.96043358, -1192545.94548444, 1133293.67036817, 1.27, 1.12, 2.15
04-1-085255, 568237.64824718, -1187279.48521632, 1134033.57935247, 5.68, 5.32, 0.89
04-1-085258, 585223.08069741, -1161263.01504961, 1152189.61794356, 1.14, 1.02, 1.76
04-1-085263, 593324.75042210, -1167637.54955946, 1141554.66509288, 1.14, 1.01, 1.87
04-1-085264, 591324.27235461, -1173522.54875715, 1136547.04807272, 1.11, 1.01, 1.77
04-1-085274, 622475.87248553, -1140375.16754547, 1153528.07742986, 1.09, 0.94, 1.95
04-1-085276, 606031.51240103, -1142471.91429978, 1160190.71320758, 1.02, 0.99, 0.14
04-1-085277, 608435.97738280, -1144446.20165656, 1156981.98470854, 1.92, 1.82, 1.70
04-1-085278, 612977.26033874, -1151969.34528562, 1147076.39929947, 1.07, 0.96, 1.54
04-1-085283, 624009.87166667, -1158621.41525401, 1134357.46401976, 1.07, 1.02, 1.56
04-1-085292, 623762.98469956, -1148446.07717873, 1144792.60424388, 1.13, 1.05, 2.41
04-1-085293, 633559.77080835, -1127652.48415934, 1159983.03943745, 1.12, 0.99, 1.28
04-1-085300, 636097.66864195, -1137090.68386729, 1149331.67215147, 1.36, 1.23, 1.40
04-1-085305, 654371.09904356, -1134318.21774348, 1141787.81112420, 1.25, 1.20, 2.57
04-1-085306, 659763.87970995, -1128417.50742125, 1144527.98654087, 1.18, 1.04, 1.59
04-1-085310, 680043.99649025, -1126521.49514630, 1134481.48676429, 1.38, 1.14, 1.73
04-1-085311, 688939.14133110, -1121301.16255108, 1134286.26122490, 1.33, 1.21, 1.23
04-1-085319, 671352.96746582, -1122326.87851503, 1143777.22080724, 1.04, 1.02, 0.26
04-1-085330, 678900.38210705, -1117209.83785805, 1144331.77416695, 1.16, 1.00, 2.18
04-1-085331, 673817.14159669, -1113832.41415016, 1150611.39090437, 2.25, 1.98, 2.26
04-1-085335, 674730.16423158, -1112358.59839879, 1151501.76467269, 1.90, 1.49, 1.63
04-1-085343, 680456.82817459, -1112582.81807624, 1147909.72550637, 1.46, 1.41, 1.12
04-1-085347, 686888.97528292, -1103404.50369084, 1152927.05617899, 4.43, 3.93, 1.93
04-1-085348, 688149.73145790, -1099560.87889462, 1155843.66620183, 1.88, 1.77, 1.82
04-1-085349, 689542.66928371, -1100163.38232723, 1154439.34419415, 2.62, 2.27, 2.61
04-1-085355, 675064.89780202, -1100958.71167929, 1162211.71003093, 1.65, 1.50, 1.55
04-1-085356, 676931.78957667, -1101413.46237055, 1160693.97222931, 1.31, 1.17, 1.56
04-1-085358, 678938.23931079, -1100325.35054684, 1160554.07032397, 1.76, 1.61, 1.51
04-1-085359, 682066.71491348, -1106562.04916604, 1152763.71722595, 1.30, 1.25, 3.01
04-1-085365, 665277.26834685, -1109750.39825294, 1159490.82350763, 2.24, 2.11, 1.44
04-1-085367, 670231.49778576, -1111230.84532909, 1155211.88868755, 1.67, 1.62, 1.67
04-1-085379, 700300.48424974, -1102008.44016983, 1146174.24048616, 1.36, 1.31, 2.54
04-1-085380, 702965.71322075, -1103095.22394261, 1143494.15956141, 1.16, 1.03, 1.65
04-1-085383, 707705.49962072, -1103932.06064831, 1139756.85621073, 1.12, 1.02, 2.08
04-1-085391, 717190.83771417, -1094522.63478125, 1142898.18630110, 1.05, 0.95, 1.52
04-1-085393, 719060.85089719, -1104722.19960835, 1131856.49019630, 1.29, 1.05, 1.61
04-1-085402, 763020.07141361, -1070663.04429504, 1135799.17952111, 1.12, 0.99, 2.62
04-1-085403, 763641.82384824, -1071575.05310101, 1134520.52887610, 1.14, 1.12, 2.94
04-1-085404, 790220.77281045, -1018636.34590236, 1164684.45727826, 1.59, 1.49, 1.12
04-1-085405, 793611.97411559, -1019769.89624833, 1161382.00143020, 1.09, 0.98, 1.76
04-1-085406, 784848.01199251, -1030372.19608372, 1157974.73876117, 1.67, 1.56, 2.06
04-1-085411, 784358.37074641, -1032493.08695195, 1156416.33144663, 1.11, 1.06, 1.78
04-1-085414, 786306.56102068, -1031502.49120004, 1155977.23279654, 2.07, 1.93, 2.39
04-1-085417, 808635.22865944, -1019402.83855852, 1151297.38977804, 1.41, 1.40, 1.04
04-1-085419, 829456.67751589, -1018102.28621537, 1137553.56573980, 6.03, 5.68, 1.05
04-1-086451, 828166.97619178, -994667.39947278, 1159023.28879597, 1.15, 1.01, 1.96
04-1-086454, 816460.89437213, -977654.62538457, 1181584.44532128, 1.24, 1.19, 1.99
04-1-086456, 806543.63708204, -984246.63162725, 1182922.09786312, 1.07, 0.99, 1.63
04-1-086457, 821451.60795535, -981470.02398324, 1174943.66154718, 1.36, 1.25, 1.20
04-1-086458, 807101.14730742, -996011.39290476, 1172649.90650192, 1.14, 0.99, 1.63
04-1-086459, 808357.48920749, -998844.18726998, 1169370.43711526, 1.10, 0.92, 1.21
04-1-086461, 807731.69140405, -1007060.78398106, 1162736.79397747, 1.26, 1.17, 1.73
04-1-086467, 756033.95055716, -1041546.85419408, 1167112.49505922, 1.15, 1.00, 1.84
04-1-086468, 748763.12875166, -1035897.48074175, 1176787.55364548, 1.54, 1.48, 1.38
04-1-086470, 750857.34178012, -1039788.28886602, 1172012.08467830, 1.77, 1.64, 2.01
04-1-086471, 731956.70173598, -1045226.01989192, 1179110.13655412, 1.24, 1.12, 1.91
04-1-086472, 728898.11180840, -1064409.28372202, 1163743.60549416, 1.63, 1.47, 1.51
04-1-086474, 715833.19452966, -1072819.19224913, 1164130.82527325, 1.31, 1.29, 0.43
04-1-086475, 718399.93317936, -1066717.45602799, 1168149.88978857, 3.02, 2.90, 2.23
04-1-086478, 689070.66562827, -1071485.83642356, 1181379.90507470, 1.24, 1.10, 2.07
04-1-086479, 689186.49622956, -1072859.16401407, 1180065.23023342, 1.19, 0.94, 1.90
04-1-086480, 691800.17519115, -1074946.44431352, 1176631.38640069, 1.37, 1.25, 1.46
04-1-086483, 675023.00126521, -1099770.15379535, 1163360.78521835, 1.10, 0.92, 1.97
04-1-086485, 642684.54837157, -1114509.54833986, 1167640.26906565, 1.24, 1.12, 2.05
04-1-086486, 628356.45243561, -1110932.93297461, 1178793.85267950, 1.63, 1.61, 1.23
04-1-086489, 625969.00256405, -1129975.53812506, 1161842.00779106, 1.50, 1.43, 1.51
04-1-086490, 616992.04015459, -1123093.56042800, 1173260.60059607, 1.05, 0.99, 2.58
04-1-086493, 611337.68930936, -1124679.74612206, 1174700.15676031, 1.12, 1.06, 0.12
04-1-086496, 608548.17819114, -1133417.10203793, 1167730.08337894, 1.05, 1.00, 2.08
04-1-086500, 603520.73738476, -1122173.06501954, 1181121.96308900, 1.50, 1.28, 1.61
04-1-086502, 604014.72548291, -1124502.61672517, 1178651.27852900, 1.84, 1.62, 1.92
04-1-086504, 602290.56748616, -1125860.90779251, 1178236.83893427, 1.23, 1.04, 1.11
04-1-086505, 604308.64274786, -1128827.90688054, 1174358.28474446, 1.22, 0.93, 1.60
04-1-086506, 606176.22427141, -1126592.07580819, 1175542.18973810, 1.23, 1.07, 1.57
04-1-086508, 596470.70814882, -1131259.50543845, 1176024.39841850, 1.08, 0.96, 1.38
04-1-086511, 592351.19215261, -1129172.40956708, 1180105.28963642, 1.35, 1.22, 1.79
04-1-086512, 590620.29067724, -1129560.34234229, 1180601.48451876, 1.29, 1.04, 1.35
04-1-086513, 592984.23683937, -1122035.10840806, 1186577.29219791, 1.20, 1.07, 1.14
04-1-086516, 588232.45962178, -1124372.25239263, 1186730.11738003, 1.11, 0.96, 1.69
04-1-086520, 586344.76469168, -1130787.25588253, 1181557.76788624, 1.03, 1.01, 0.94
04-1-086534, 585208.88068029, -1156008.87934354, 1157468.27034343, 1.43, 1.32, 1.69
04-1-086538, 571033.70789915, -1156618.38017745, 1163921.46946375, 1.52, 1.46, 1.44
04-1-086539, 575751.78773794, -1154022.73981272, 1164173.59311733, 1.10, 1.00, 1.61
04-1-086546, 579289.01272369, -1137802.22844298, 1178299.23563066, 1.21, 1.03, 1.60
04-1-086550, 574952.82516957, -1138805.72183967, 1179453.06677916, 1.14, 1.08, 2.54
04-1-086551, 576918.23999683, -1142203.06091037, 1175200.52416851, 1.07, 0.97, 1.36
04-1-086552, 579345.48478864, -1140718.46240732, 1175448.40753565, 3.11, 2.86, 0.99
04-1-086554, 576315.38856883, -1144382.47440278, 1173374.65678210, 1.26, 1.12, 3.11
04-1-086557, 576416.09871942, -1147422.55579803, 1170352.39119805, 1.18, 1.04, 1.44
04-1-086558, 574777.56278186, -1147554.13037484, 1171029.04796686, 1.09, 0.93, 1.96
04-1-086561, 571410.08518267, -1147374.91166149, 1172851.26364827, 1.29, 1.19, 1.45
04-1-086562, 571807.01454627, -1151645.40578577, 1168464.10190823, 1.27, 1.15, 1.58
04-1-086563, 573138.07592615, -1152053.73152287, 1167408.97101569, 1.32, 1.17, 1.30
04-1-086565, 572295.99175759, -1145594.08577909, 1174159.37949077, 1.23, 1.10, 2.56
04-1-086566, 571130.10792622, -1144959.24694679, 1175345.68644771, 1.50, 1.48, 0.38
04-1-086572, 566493.31877514, -1142996.06434463, 1179493.14397152, 1.41, 1.03, 1.80
04-1-086576, 564486.00713481, -1142451.82356634, 1180981.85361966, 1.10, 1.05, 1.31
04-1-086582, 546382.76415798, -1158392.41936967, 1173947.03363396, 3.31, 3.09, 0.66
04-1-086583, 534846.51374373, -1158310.21374995, 1179328.37473654, 1.49, 1.37, 1.62
04-1-086584, 532041.18592720, -1163473.35172704, 1175508.69681947, 1.17, 1.13, 1.98
04-1-086585, 542033.67894074, -1176463.94282072, 1157882.05018330, 1.06, 1.02, 2.12
04-1-086586, 539490.22579034, -1175204.31193476, 1160346.44890508, 1.31, 1.19, 1.99
04-1-086587, 537437.41731169, -1173973.39652089, 1162543.00855261, 1.50, 1.39, 1.84
04-1-086589, 530829.50597216, -1181094.08458506, 1158358.99398569, 1.21, 1.06, 1.37
04-1-086593, 525085.36879450, -1163693.23677639, 1178415.10774380, 1.06, 0.97, 1.77
04-1-086601, 488375.01562650, -1179623.86980054, 1178361.62951303, 1.13, 1.06, 1.07
04-1-086602, 486073.60737669, -1172674.95978889, 1186222.84874974, 1.06, 1.03, 3.09
04-1-086606, 484495.48888409, -1178041.12710088, 1181542.20580979, 6.35, 6.29, 2.55
04-1-086607, 476042.30135850, -1178068.44417751, 1184946.08660077, 1.89, 1.81, 1.58
04-1-086616, 454118.17004122, -1201344.96364443, 1170087.91377596, 1.24, 1.09, 2.20
04-1-086617, 448703.20245211, -1195338.90902180, 1178299.23563066, 1.80, 1.70, 0.70
04-1-086618, 439244.56011735, -1203023.95968258, 1174034.21110161, 1.06, 0.98, 0.82
04-1-086626, 408027.52384470, -1217135.59039794, 1170749.01425191, 1.17, 1.04, 1.07
04-1-086627, 403471.72998100, -1217205.94201512, 1172253.81971194, 1.18, 1.04, 1.47
04-1-086630, 399810.26595270, -1216745.51548450, 1173985.03473732, 1.39, 1.37, 1.52
04-1-086631, 395170.20885574, -1217003.80789484, 1175287.62335114, 1.18, 1.12, 2.03
04-1-086632, 391781.64338751, -1213486.18634932, 1180049.65126217, 1.17, 1.11, 2.41
04-1-086633, 383432.07731986, -1220993.66419727, 1175037.47773095, 1.34, 1.21, 1.33
04-1-086641, 346440.33061830, -1233409.67521514, 1173558.02174702, 1.40, 1.14, 1.61
04-1-086642, 349484.49115907, -1237690.04603143, 1168136.42199617, 1.13, 1.02, 1.24
04-1-086643, 349030.13310769, -1238891.66409591, 1166997.93093925, 1.25, 1.12, 1.60
04-1-086644, 340608.59025521, -1240884.85596519, 1167368.54612441, 1.05, 0.96, 0.69
04-1-086645, 343526.85583944, -1246741.41495621, 1160251.65526711, 1.11, 0.99, 1.60
04-1-086647, 331568.04513013, -1240459.30881571, 1170419.62330655, 2.59, 2.35, 0.58
04-1-086648, 332915.52964242, -1236929.36088964, 1173768.19103776, 1.11, 1.02, 1.48
04-1-086651, 326589.90575844, -1241179.19992113, 1171055.92827151, 1.40, 1.33, 1.94
04-1-086654, 322966.60664018, -1242732.86507878, 1170412.90024009, 1.56, 1.39, 1.00
04-1-086657, 323387.15060161, -1238223.80716727, 1175066.51479394, 1.69, 1.45, 1.26
04-1-086658, 336146.51419590, -1221704.68226960, 1188697.58572753, 1.96, 1.80, 0.95
04-1-086659, 340701.60400376, -1224297.44914951, 1184726.52246638, 1.25, 1.22, 2.70
04-1-086661, 340502.24147213, -1225236.78641991, 1183812.40099767, 1.13, 1.00, 1.42
04-1-086662, 335113.00007385, -1225302.90272372, 1185280.90921871, 1.22, 1.18, 1.11
04-1-086664, 339708.58595020, -1229531.58634428, 1179579.97389471, 1.31, 1.19, 1.29
04-1-086667, 340758.34206902, -1230987.19843394, 1177757.62769855, 1.50, 1.31, 1.47
04-1-086668, 339989.83443110, -1232644.53011217, 1176245.35487630, 1.06, 0.98, 1.33
04-1-086670, 335621.78340801, -1231724.12898741, 1178461.89949961, 1.67, 1.60, 1.61
04-1-086671, 333634.63547745, -1230015.56706632, 1180808.36497052, 2.17, 1.95, 1.33
04-1-086672, 332655.57336293, -1232021.37500671, 1178992.09540911, 1.28, 1.15, 1.52
04-1-086673, 331267.57574590, -1232863.97318961, 1178502.00545886, 1.43, 1.25, 1.60
04-1-086678, 321313.87352807, -1233896.09583597, 1180176.50347698, 1.29, 1.08, 1.39
04-1-086679, 317453.84156135, -1233273.00176390, 1181871.19501162, 1.45, 1.34, 1.51
04-1-086681, 324897.12073892, -1236324.06705076, 1176649.23497474, 1.23, 1.12, 1.44
04-1-086683, 307188.38889066, -1251590.04888681, 1165210.88359930, 1.28, 1.18, 0.54
04-1-086685, 308137.74276017, -1238266.50014355, 1179112.36364856, 1.59, 1.43, 1.57
04-1-086687, 300892.32115741, -1240423.89337444, 1178715.88426317, 3.93, 3.52, 2.61
04-1-086688, 296778.24287991, -1241994.04852408, 1178105.35096988, 2.35, 2.19, 1.74
04-1-086689, 299395.53022660, -1242771.36205030, 1176622.46202764, 1.70, 1.40, 1.80
04-1-086690, 297984.17000404, -1245213.87098449, 1174396.27465980, 1.40, 1.06, 1.79
04-1-086691, 303688.26298368, -1252427.18815430, 1165228.87764501, 1.25, 1.11, 1.50
04-1-086695, 306462.16560192, -1256491.16416208, 1160116.22496938, 1.11, 0.96, 1.48
04-1-086696, 307191.81615890, -1257290.10865465, 1159057.17320768, 2.51, 2.06, 1.31
04-1-086697, 311207.92844673, -1257062.46073486, 1158232.42705560, 1.92, 1.77, 1.52
04-1-086701, 291646.15025563, -1253869.45486997, 1166753.04721486, 1.73, 1.61, 1.78
04-1-086702, 292007.41310809, -1257112.86882297, 1163167.08418421, 1.36, 1.20, 1.73
04-1-086704, 295039.72054206, -1258007.02846830, 1161433.87225740, 1.55, 1.37, 2.08
04-1-086705, 289351.38096669, -1258528.56460253, 1162299.61301386, 1.25, 1.02, 1.37
04-1-086709, 280493.20996835, -1257948.02858700, 1165096.16621794, 1.44, 1.25, 1.64
04-1-086712, 278356.32973300, -1254133.97439229, 1169711.28402378, 1.23, 0.94, 1.41
04-1-086714, 275479.86354693, -1254520.19176908, 1169978.07382183, 1.26, 1.09, 1.54
04-1-086715, 274240.33223501, -1254413.34459522, 1170383.76658132, 1.41, 1.19, 1.72
04-1-086718, 280825.99969597, -1250396.31611996, 1173117.45811252, 1.55, 1.33, 1.70
04-1-086720, 276411.13111973, -1247634.41119816, 1177099.83543764, 1.28, 1.12, 2.02
04-1-086723, 278550.42856665, -1246878.52111776, 1177396.43804478, 1.35, 1.16, 1.93
04-1-086724, 274909.03025196, -1246829.65696685, 1178303.69242987, 1.34, 1.16, 1.90
04-1-086725, 273165.48606551, -1246576.82454625, 1178976.50431498, 1.18, 1.00, 1.78
04-1-086728, 257280.86171384, -1253707.89036951, 1174981.63552500, 3.00, 2.73, 1.68
04-1-086730, 249563.80589262, -1263282.03139051, 1166359.79695558, 2.18, 2.12, 2.39
04-1-086732, 255791.99077616, -1258381.95752771, 1170300.84440860, 1.19, 0.92, 1.53
04-1-086737, 271366.73364827, -1254590.78895826, 1170863.27473799, 1.21, 1.01, 1.60
04-1-086738, 252141.79002909, -1255686.13292401, 1173982.79940691, 2.10, 1.84, 1.90
04-1-086740, 247898.12629007, -1253929.55851418, 1176760.78336521, 1.24, 1.09, 1.64
04-1-086745, 227051.13013490, -1259122.94062813, 1175421.61146052, 2.22, 2.14, 2.41
04-1-086746, 229503.25712955, -1265637.09331459, 1167925.40985849, 1.77, 1.63, 1.63
04-1-086752, 237762.89391250, -1268637.82810366, 1163007.14846590, 1.05, 1.03, 0.45
04-1-086753, 233799.33583880, -1254137.40258767, 1179421.89482474, 1.34, 1.20, 1.83
04-1-086757, 224232.35560926, -1260617.30156250, 1174360.51947398, 1.23, 1.07, 1.67
04-1-086760, 223533.60206791, -1267592.68253994, 1166961.98734909, 2.52, 2.43, 2.06
04-1-086763, 228739.26007659, -1272298.61406926, 1160815.81120222, 1.19, 1.05, 1.81
04-1-087185, 218594.55885793, -1224830.13887277, 1212669.08501315, 1.41, 1.13, 1.71
04-1-087187, 218125.58281855, -1230145.30466951, 1207361.80141647, 3.16, 2.92, 1.48
04-1-087188, 219612.22576026, -1231899.69924930, 1205301.77187545, 2.85, 2.38, 1.63
04-1-087214, 226851.84374329, -1238453.10452237, 1197217.98720583, 1.21, 1.00, 1.65
04-1-087224, 225483.63541219, -1245947.30514352, 1189676.93218238, 1.20, 1.10, 1.24
04-1-087226, 232762.50746246, -1251363.70174266, 1182568.92445247, 1.21, 1.07, 2.03
04-1-087227, 236003.25773181, -1248534.16935240, 1184915.03927476, 1.67, 1.45, 2.11
04-1-087237, 245743.93989541, -1228043.43701052, 1204191.84219960, 1.16, 1.08, 1.94
04-1-087243, 264560.50671827, -1227790.02279437, 1200457.47871866, 1.42, 1.35, 1.78
04-1-087245, 263439.58831908, -1231247.13201595, 1197158.65415106, 1.36, 1.23, 1.81
04-1-087246, 262818.19596131, -1237737.02871370, 1190584.89979616, 1.89, 1.65, 1.73
04-1-087248, 262824.96424627, -1243965.39715295, 1184074.27505839, 1.30, 1.10, 1.66
04-1-087253, 249214.02988393, -1248328.23560190, 1182424.51915886, 1.67, 1.43, 1.50
04-1-087255, 251801.04268837, -1235544.31691145, 1195234.38531899, 1.73, 1.60, 1.76
04-1-087256, 250644.96521095, -1234053.89890492, 1197015.80441194, 1.07, 0.97, 1.45
04-1-087258, 243881.99216332, -1235995.82079508, 1196409.07087649, 1.41, 1.13, 1.75
04-1-087268, 245970.23472316, -1242126.67908267, 1189612.84321467, 1.18, 1.06, 1.22
04-1-087271, 270267.03869237, -1238517.98630007, 1188102.55677180, 1.88, 1.72, 1.32
04-1-087272, 280604.60383307, -1241805.48817210, 1182260.10076182, 1.38, 1.20, 1.83
04-1-087279, 277483.99172057, -1234205.98267608, 1190922.74588463, 1.06, 0.95, 1.87
04-1-087282, 287402.07186848, -1233184.20579112, 1189628.31324453, 1.28, 1.24, 3.05
04-1-087288, 290788.46392992, -1238518.86813896, 1183246.31523156, 1.74, 1.51, 1.76
04-1-087289, 273863.81263917, -1215229.57538738, 1211104.64090868, 1.23, 0.98, 1.95
04-1-087293, 284314.65288762, -1218974.22051162, 1204917.33653454, 3.66, 3.35, 1.57
04-1-087299, 292854.77346601, -1222459.41324759, 1199328.07213895, 1.44, 1.35, 1.53
04-1-087300, 292965.85262195, -1227366.14177900, 1194278.91349217, 1.17, 1.01, 1.19
04-1-087304, 276705.27847977, -1225245.42766973, 1200319.37034935, 1.12, 1.07, 0.56
04-1-087307, 267653.60001315, -1217966.52340828, 1209742.88931853, 1.47, 1.34, 1.42
04-1-087310, 275413.75625362, -1220319.52612261, 1205622.77559366, 5.91, 5.85, 1.76
04-1-087317, 287068.74148877, -1230296.77091011, 1192694.49279697, 1.77, 1.48, 1.86
04-1-087318, 290438.60626594, -1229792.18111964, 1192398.99666483, 1.17, 0.94, 1.83
04-1-087319, 296117.74937356, -1230958.11996450, 1189796.26213877, 4.63, 3.75, 0.03
04-1-087321, 297705.42573021, -1228877.41854110, 1191549.63375033, 1.45, 1.33, 1.51
04-1-087326, 300854.52106409, -1219529.58618034, 1200330.33186124, 1.19, 1.01, 2.30
04-1-087328, 301814.22732126, -1220853.87380409, 1198742.15367777, 1.22, 1.12, 1.63
04-1-087329, 300446.01561253, -1221540.29272145, 1198386.52569217, 1.11, 1.03, 2.41
04-1-087330, 300772.70353715, -1228042.50198851, 1191640.11098853, 2.24, 2.09, 2.40
04-1-087331, 301721.32928491, -1226817.72941085, 1192661.41811402, 1.07, 1.01, 0.93
04-1-087332, 303482.64827613, -1226775.56316007, 1192257.84116885, 1.36, 1.30, 1.36
04-1-087333, 302744.21516320, -1231532.93353577, 1187531.61381161, 1.16, 1.01, 1.50
04-1-087337, 308371.53015221, -1226681.72944890, 1191099.36362498, 1.86, 1.68, 1.33
04-1-087346, 305748.90447208, -1205211.61336694, 1213483.14138251, 1.16, 1.09, 1.49
04-1-087348, 306695.88940261, -1206558.70607706, 1211904.48477311, 1.10, 0.91, 1.56
04-1-087353, 310651.94226469, -1213161.28360641, 1204281.45826697, 1.21, 1.10, 1.58
04-1-087355, 312058.83282929, -1211788.32650316, 1205299.58790497, 2.39, 1.93, 1.70
04-1-087359, 328834.18833500, -1218967.44574569, 1193543.12984252, 2.19, 1.74, 1.15
04-1-087360, 327147.89361810, -1207518.73884302, 1205583.47327931, 1.11, 1.04, 1.88
04-1-087368, 348661.82788976, -1214168.56005207, 1192806.94060425, 1.41, 1.29, 1.51
04-1-087369, 356852.98610549, -1214203.53644156, 1190346.36908776, 1.58, 1.39, 1.45
04-1-087370, 356813.50933510, -1219653.87792723, 1184773.09963260, 1.60, 1.42, 1.38
04-1-087374, 367228.82884146, -1200551.81294987, 1200990.04645772, 1.29, 1.23, 2.01
04-1-087380, 366581.60412646, -1206335.04212272, 1195379.62742505, 1.12, 0.94, 1.49
04-1-087383, 372374.79224700, -1211626.99015089, 1188215.38907594, 1.20, 1.10, 1.50
04-1-087384, 365611.87152599, -1213030.55297196, 1188883.34034749, 1.25, 1.16, 1.44
04-1-087385, 366200.21237071, -1215673.63927813, 1185999.05869436, 1.36, 1.19, 1.37
04-1-087386, 366093.93317699, -1217243.72984123, 1184420.40435532, 1.38, 0.99, 1.33
04-1-087387, 379177.58860498, -1205164.20154864, 1192628.34261364, 1.10, 0.95, 1.35
04-1-087388, 390194.30480279, -1211244.32566319, 1182875.45753904, 1.31, 1.21, 1.30
04-1-087390, 403895.11419330, -1196832.34850515, 1192903.94680479, 1.15, 0.97, 1.67
04-1-087394, 376512.19993751, -1187995.85936667, 1210563.15879258, 1.36, 1.16, 1.96
04-1-087396, 378687.51486735, -1192402.21635282, 1205541.98621220, 1.44, 1.23, 1.77
04-1-087398, 372199.82981132, -1195216.48823444, 1204775.32882316, 1.09, 0.96, 1.77
04-1-087399, 372089.67777514, -1189813.41509768, 1210145.47429092, 1.23, 1.18, 1.88
04-1-087400, 370314.29943586, -1190112.77230760, 1210395.66622805, 1.69, 1.41, 1.05
04-1-087401, 372191.78745532, -1191161.56483857, 1208787.06139755, 1.98, 1.67, 0.84
04-1-087402, 370398.04573135, -1191187.99399130, 1209311.87486495, 1.08, 1.06, 2.25
04-1-087406, 369725.37278765, -1187416.46273210, 1213220.52931436, 1.47, 1.24, 1.81
04-1-087408, 366956.78549698, -1187279.49665841, 1214194.74319085, 1.35, 1.03, 1.84
04-1-087414, 424488.35901544, -1196262.51549033, 1186307.03744567, 1.18, 0.96, 1.67
04-1-087423, 439915.21636818, -1187716.14532380, 1189270.24706116, 1.15, 1.02, 1.52
04-1-087426, 441976.90476410, -1178170.06844503, 1197969.30907072, 1.06, 0.93, 1.84
04-1-087429, 446348.70915593, -1173663.52811064, 1200768.71737138, 1.25, 1.16, 1.97
04-1-087431, 449859.99978721, -1168875.50298591, 1204124.07961592, 1.13, 1.02, 1.81
04-1-087433, 457472.79387646, -1182494.94824984, 1187848.09644435, 1.39, 1.24, 2.57
04-1-087437, 465325.82780323, -1176478.54227648, 1190768.18631598, 1.51, 1.42, 1.78
04-1-087441, 466316.97686326, -1161170.97061898, 1205317.05956603, 2.09, 1.97, 1.27
04-1-087445, 473141.69427463, -1170008.38028703, 1194058.66153931, 1.33, 1.18, 1.19
04-1-087450, 489818.31713201, -1161371.45162468, 1195764.66227813, 1.35, 1.24, 2.31
04-1-087451, 494236.67054791, -1167406.47517578, 1188045.03079782, 3.28, 3.09, 1.33
04-1-087453, 504845.52102504, -1168251.11607252, 1182742.19071456, 1.57, 1.47, 2.16
04-1-087456, 512018.79591457, -1141370.70498963, 1205681.72683411, 1.13, 1.03, 1.98
04-1-087458, 520946.91172189, -1150021.29163502, 1193576.18271878, 1.24, 1.05, 2.04
04-1-087471, 530149.61818742, -1141327.08485025, 1197861.68973006, 1.09, 1.03, 2.30
04-1-087472, 525986.05361227, -1142105.17472962, 1198955.04555476, 1.05, 0.98, 2.04
04-1-087478, 563133.38890746, -1138513.21517749, 1185422.79595248, 2.51, 2.31, 1.53
04-1-087479, 560189.97705255, -1132114.85509833, 1192921.58353998, 1.38, 1.26, 1.49
04-1-087483, 551878.91318976, -1133426.72443277, 1195546.85626206, 1.25, 1.10, 1.56
04-1-087488, 570118.53413220, -1118920.62447106, 1200641.60063369, 1.16, 1.02, 1.51
04-1-087490, 566679.96109002, -1123491.74893494, 1197997.85967009, 1.12, 1.06, 0.70
04-1-087496, 577116.02280201, -1128463.44591799, 1188303.87841330, 1.19, 1.03, 1.99
04-1-087497, 579148.74345377, -1128984.87910489, 1186818.70380798, 1.11, 0.99, 1.45
04-1-087498, 579743.58013338, -1129950.19393882, 1185608.99984428, 1.20, 1.12, 1.94
04-1-087501, 573020.06894216, -1131931.36606050, 1186987.00208467, 1.45, 0.94, 2.27
04-1-087505, 579649.44575529, -1115349.17865683, 1199400.47094584, 1.22, 1.10, 1.48
04-1-087509, 578590.33358646, -1119415.83522986, 1196118.79582128, 1.07, 1.00, 1.11
04-1-087510, 580322.23395759, -1119172.58579018, 1195507.25133317, 1.20, 1.03, 1.65
04-1-087511, 582308.10569995, -1121086.48384531, 1192745.20572312, 1.25, 1.09, 1.93
04-1-087516, 585775.56410581, -1115927.31950443, 1195881.25082726, 2.46, 2.20, 1.36
04-1-087521, 611130.17909343, -1116067.12787586, 1182993.16577746, 1.66, 1.47, 1.80
04-1-087522, 607488.32835205, -1113796.09925129, 1187002.50219140, 1.19, 1.02, 2.00
04-1-087528, 585917.11472178, -1108428.65583258, 1202765.89975160, 1.18, 0.91, 1.88
04-1-087537, 587683.69009252, -1112334.44198675, 1198289.91882986, 2.12, 2.09, 0.55
04-1-087539, 588305.00516499, -1114546.33410991, 1195927.44345967, 1.54, 1.42, 1.00
04-1-087544, 587942.27548037, -1117589.12771752, 1193263.24937565, 1.23, 1.15, 2.09
04-1-087550, 585000.83440113, -1111950.79383770, 1199957.58918125, 1.42, 1.29, 1.57
04-1-087551, 584424.49708865, -1110949.42138518, 1201165.33013845, 1.54, 1.36, 1.15
04-1-087564, 623727.75787776, -1109336.55468204, 1182748.85436384, 1.27, 1.16, 1.49
04-1-087566, 616107.98997142, -1094800.12186260, 1200159.32186648, 1.74, 1.69, 1.29
04-1-087573, 685505.93554475, -1070289.98776945, 1184533.54296676, 1.18, 1.08, 1.24
04-1-087575, 668846.04604443, -1056457.87868159, 1206275.45662769, 1.16, 1.11, 3.10
04-1-087576, 663001.31910145, -1054010.95944251, 1211630.68145571, 1.05, 1.02, 2.42
04-1-087577, 660722.63397941, -1054140.21126607, 1212762.45651786, 1.55, 1.41, 0.18
04-1-087579, 652855.12263834, -1057970.95025056, 1213687.11671122, 1.82, 1.68, 1.24
04-1-087580, 679619.81153785, -1059755.47958114, 1197327.85621275, 3.20, 3.12, 0.29
04-1-087586, 690331.54218591, -1061313.32624434, 1189796.26213877, 1.97, 1.95, 1.81
04-1-087592, 710805.96782553, -1044898.96087591, 1192266.66382318, 1.80, 1.60, 1.84
04-1-087593, 719230.42680331, -1038429.55598940, 1192866.46797032, 1.47, 1.44, 1.13
04-1-087594, 718634.06529480, -1043705.74382564, 1188613.54548198, 1.27, 1.18, 1.68
04-1-087595, 721450.97881606, -1048501.92716920, 1182671.10977136, 1.12, 1.01, 1.91
04-1-087597, 741433.35189151, -1034440.23234136, 1182695.54426170, 1.10, 0.99, 1.96
04-1-087599, 708781.73385766, -1037012.20251433, 1200330.33186124, 1.10, 0.95, 1.68
04-1-087600, 694669.24271693, -1038154.81100742, 1207571.11244234, 2.22, 2.11, 0.36
04-1-087601, 690979.40537359, -1035218.57398499, 1212199.95274131, 1.40, 1.26, 1.31
04-1-087605, 695906.05403232, -1029125.22366050, 1214567.74120956, 1.25, 1.10, 1.53
04-1-087607, 709727.60937604, -1029500.54037752, 1206223.07963816, 2.73, 2.37, 1.29
04-1-087608, 709504.57366797, -1020577.21260528, 1213912.75347739, 1.18, 1.01, 1.59
04-1-087609, 715401.35237966, -1016856.49127496, 1213574.28333223, 1.23, 0.94, 1.63
04-1-087613, 735405.74644100, -1020490.89028120, 1198472.14859364, 1.26, 1.15, 2.01
04-1-087616, 773035.70119093, -1011527.72232236, 1182280.09864735, 1.65, 1.54, 1.33
04-1-087620, 812114.88488971, -971416.30996523, 1189696.82124233, 1.15, 1.13, 3.12
04-1-088852, 793833.50168099, -950694.80519767, 1218427.88829666, 1.17, 1.07, 1.95
04-1-088854, 780161.83684784, -966692.53302338, 1214665.30983767, 1.86, 1.70, 1.66
04-1-088857, 759073.93059597, -982445.80616686, 1215387.08477371, 1.46, 1.44, 2.55
04-1-088858, 760865.41451421, -989110.46539927, 1208843.69057119, 1.15, 1.09, 1.92
04-1-088859, 754474.32331885, -990783.66016013, 1211476.36964667, 1.34, 1.28, 0.18
04-1-088860, 755610.30236769, -993893.99061446, 1208216.27466951, 2.23, 2.11, 1.36
04-1-088861, 750691.57452145, -992340.16766658, 1212551.81810015, 2.12, 1.94, 1.24
04-1-088873, 741132.50635621, -979952.83253656, 1228402.95262822, 2.35, 2.12, 1.01
04-1-088877, 718567.64291277, -1009181.94527773, 1218101.43415244, 1.21, 1.18, 1.56
04-1-088883, 701428.88748301, -1012501.03941775, 1225315.43733943, 1.22, 1.13, 0.97
04-1-088885, 705620.59093709, -1018475.74544945, 1217934.93158575, 1.49, 1.35, 1.45
04-1-088886, 702010.57178884, -1015535.25667399, 1222468.01984706, 1.66, 1.58, 1.46
04-1-088887, 702450.36456569, -1018145.71420118, 1220041.61813247, 1.37, 1.27, 1.41
04-1-088888, 700128.64530942, -1017589.73297122, 1221838.68631205, 1.65, 1.56, 1.50
04-1-088891, 687664.07324138, -1018928.40408694, 1227787.35525249, 1.14, 1.03, 1.50
04-1-088894, 687768.08727168, -1037215.22942665, 1212319.42406945, 1.23, 1.08, 1.85
04-1-088897, 686709.37269064, -1040698.32287357, 1209932.22877439, 1.15, 0.98, 1.40
04-1-088898, 675270.48283169, -1027727.41532772, 1227332.43043605, 1.33, 1.17, 1.72
04-1-088899, 674309.38555380, -1029824.97798250, 1226102.00524973, 1.14, 1.04, 1.62
04-1-088900, 679167.12458861, -1035902.01961405, 1218276.56245927, 1.19, 1.01, 1.63
04-1-088901, 680819.36566552, -1039213.04836259, 1214528.71166051, 1.58, 1.34, 1.29
04-1-088902, 679309.72724878, -1040073.89698404, 1214637.12411470, 1.80, 1.70, 2.00
04-1-088907, 669736.75206701, -1038352.19320559, 1221407.45281657, 1.36, 1.18, 1.47
04-1-088912, 664040.07008882, -1035660.31022913, 1226791.45217618, 1.08, 0.97, 1.10
04-1-088913, 662313.93796660, -1037585.37816098, 1226097.70842365, 1.50, 1.36, 1.40
04-1-088926, 652707.59689398, -1044591.07315815, 1225300.38881704, 1.40, 1.20, 1.42
04-1-088932, 659500.06437221, -1046903.59781115, 1219676.71207706, 1.22, 1.11, 1.42
04-1-088933, 659600.92206520, -1049661.70729153, 1217249.22832449, 1.65, 1.29, 1.54
04-1-088937, 652809.64221695, -1051890.08108131, 1218985.47503706, 1.88, 1.65, 1.65
04-1-088939, 649267.99310921, -1046427.88787737, 1225560.48753068, 1.34, 1.22, 1.55
04-1-088941, 645962.60222444, -1050983.39600191, 1223407.11860596, 2.09, 1.90, 1.59
04-1-088942, 637065.62460387, -1052998.46790986, 1226336.15967546, 2.06, 1.90, 1.19
04-1-088944, 632543.45333831, -1075948.77873672, 1208628.05079719, 1.20, 1.09, 1.50
04-1-088949, 617776.19953059, -1067565.64505315, 1223607.33930285, 1.07, 0.97, 1.00
04-1-088950, 617477.32235541, -1069114.22792094, 1222405.53174215, 1.28, 1.20, 1.94
04-1-088951, 623131.22506187, -1075217.26511173, 1214155.70218920, 1.12, 1.05, 1.42
04-1-088952, 621827.95550702, -1077558.74292748, 1212747.25697093, 1.15, 1.14, 1.98
04-1-088953, 614942.21866356, -1076798.03000795, 1216926.79741887, 1.16, 1.05, 0.49
04-1-088955, 606478.50196365, -1077029.07566452, 1220963.12672790, 1.03, 0.99, 1.80
04-1-088962, 593739.09412280, -1095765.09365607, 1210508.78048659, 1.11, 1.06, 1.51
04-1-088963, 589781.24503588, -1097957.97856431, 1210456.57514464, 1.15, 1.09, 2.36
04-1-088965, 568906.70901919, -1109209.86575337, 1210188.98943444, 1.13, 1.00, 1.78
04-1-088966, 557560.84923493, -1109406.26119777, 1215278.73634636, 1.10, 0.93, 1.69
04-1-088967, 553899.17602161, -1104088.85207064, 1221778.32258390, 1.46, 1.31, 1.30
04-1-088968, 552362.71989731, -1102610.23061659, 1223807.52776214, 1.06, 0.94, 1.29
04-1-088969, 553952.21114835, -1106747.66841892, 1219346.26181948, 1.32, 1.27, 2.33
04-1-088970, 571308.80209526, -1087767.72062410, 1228383.65286125, 1.57, 1.45, 1.66
04-1-088971, 569181.77428262, -1089670.57411120, 1227684.36812588, 1.44, 1.26, 1.60
04-1-088975, 565077.20927450, -1096741.94294309, 1223275.77354739, 1.45, 1.25, 1.43
04-1-088977, 563023.08571385, -1099533.65985270, 1221715.79993228, 1.50, 1.23, 1.35
04-1-088978, 566570.45671521, -1100961.27127380, 1218786.67400521, 1.55, 1.31, 1.24
04-1-088983, 570139.66835916, -1104483.47387762, 1213925.76976293, 1.05, 0.99, 1.56
04-1-088984, 573249.79926998, -1099140.93213459, 1217305.48300056, 1.15, 1.05, 1.93
04-1-088986, 574474.94342127, -1096444.38539831, 1219158.31995261, 1.31, 1.18, 1.80
04-1-088991, 571216.47276435, -1096875.92913061, 1220300.65858235, 1.10, 1.00, 0.46
04-1-088992, 571600.52813544, -1097940.82335234, 1219162.64077098, 1.99, 1.77, 0.92
04-1-088995, 568701.66755843, -1099907.40666824, 1218745.61335523, 1.20, 0.96, 1.53
04-1-088996, 568032.53991326, -1097767.80647836, 1220984.69960085, 1.21, 1.09, 1.42
04-1-088999, 569103.09959858, -1096178.02575470, 1221914.13686879, 1.26, 1.07, 0.95
04-1-089003, 547177.03218679, -1110053.62675815, 1219400.26290318, 1.21, 1.08, 1.55
04-1-089004, 547827.12775244, -1113675.17375504, 1215800.89054919, 1.40, 1.27, 0.96
04-1-089005, 538541.11403448, -1117707.51640962, 1216249.20812140, 1.34, 1.14, 2.41
04-1-089006, 534008.74306318, -1125329.36895014, 1211208.99670964, 1.17, 1.06, 1.47
04-1-089008, 524888.99046815, -1125115.34602039, 1215387.08477371, 1.30, 1.21, 1.82
04-1-089009, 540077.79273328, -1123503.19131465, 1210212.92213484, 5.58, 5.47, 0.44
04-1-089017, 540434.64027560, -1103651.87074218, 1228186.34897050, 1.27, 1.11, 1.57
04-1-089018, 539189.63419040, -1103888.45610339, 1228520.88906265, 1.12, 1.00, 1.96
04-1-089026, 504613.49714691, -1120252.63651009, 1228396.51940624, 1.06, 0.99, 1.57
04-1-089028, 517537.34071037, -1129201.76704309, 1214749.86325465, 1.11, 1.00, 1.07
04-1-089029, 511603.44127764, -1139699.02751691, 1207438.11665438, 1.27, 1.10, 1.43
04-1-089031, 496719.18575834, -1144998.12970447, 1208638.94256012, 2.30, 2.10, 1.39
04-1-089036, 474550.74332258, -1145327.58875336, 1217203.79002548, 1.12, 1.04, 1.77
04-1-089043, 427411.45850704, -1171312.85440939, 1209919.17177645, 1.38, 1.32, 1.60
04-1-089044, 423143.86473366, -1172885.99337051, 1209895.23360229, 1.73, 1.66, 2.14
04-1-089045, 419694.21491800, -1172805.42001338, 1211174.21238714, 1.67, 1.49, 1.05
04-1-089046, 419184.41225985, -1174416.76807542, 1209788.59449974, 1.61, 1.45, 1.78
04-1-089047, 417063.64983143, -1173388.94511787, 1211517.66617927, 1.89, 1.27, 2.45
04-1-089048, 413696.40677180, -1169410.03233767, 1216509.02967964, 1.09, 1.00, 1.36
04-1-089053, 390312.42933260, -1165574.32893564, 1227864.58994253, 1.59, 1.54, 1.73
04-1-089058, 358358.77607087, -1180757.04231480, 1223090.57499312, 1.58, 1.38, 1.54
04-1-089059, 363793.00649251, -1184734.53024778, 1217627.81721908, 1.23, 1.09, 1.47
04-1-089060, 363987.39858390, -1195622.44497062, 1206879.82117301, 1.25, 1.19, 1.65
04-1-089062, 356401.77186686, -1184717.90138759, 1219827.86947255, 1.21, 1.14, 1.35
04-1-089064, 350750.89458682, -1189449.57767651, 1216857.53977683, 1.07, 0.95, 1.70
04-1-089065, 345564.71196866, -1181968.88771002, 1225599.17523127, 1.18, 1.07, 1.61
04-1-089066, 340499.27322712, -1195252.80961235, 1214079.78570009, 1.04, 0.97, 2.23
04-1-089070, 330210.20524104, -1197351.21427426, 1214853.92127228, 1.29, 1.11, 1.51
04-1-089073, 306511.05060739, -1199341.80271581, 1219093.50589442, 2.89, 2.55, 1.30
04-1-089074, 302744.45579272, -1192146.35726514, 1227066.26444794, 4.89, 4.17, 0.58
04-1-089077, 296534.30797510, -1200665.57583668, 1220257.48889098, 1.13, 1.00, 1.31
04-1-089079, 292953.61267382, -1205767.44072170, 1216084.62687298, 1.78, 1.53, 1.07
04-1-089080, 289726.50876659, -1201162.63693794, 1221403.13972996, 2.24, 1.93, 1.82
04-1-089089, 288433.50627404, -1195618.94742500, 1227134.95794750, 1.16, 1.05, 1.50
04-1-089099, 266485.05860858, -1211337.88770485, 1216636.75571188, 1.54, 1.35, 1.46
04-1-089103, 259608.92452651, -1212619.49158652, 1216846.71792738, 1.31, 1.16, 2.16
04-1-089108, 257733.20851074, -1205605.43874574, 1224192.74597485, 1.26, 1.17, 1.77
04-1-089109, 255185.09142539, -1204582.64757190, 1225732.42360757, 1.52, 1.27, 1.32
04-1-089110, 252951.43768199, -1209966.23445467, 1220883.30386413, 3.51, 3.07, 1.94
04-1-089114, 252013.97756662, -1222515.86042762, 1208512.59245155, 1.15, 1.05, 1.71
04-1-089115, 252609.37531575, -1223675.93063308, 1207213.51893186, 1.81, 1.35, 2.17
04-1-089118, 239979.06963460, -1224427.79111722, 1209026.62934988, 1.71, 1.38, 1.97
04-1-089119, 241160.83526064, -1221980.38179304, 1211265.51921919, 1.61, 1.44, 1.90
04-1-089120, 237190.19701842, -1225948.62953346, 1208035.40021946, 1.51, 1.29, 1.99
04-1-089122, 233119.32160243, -1227640.98718495, 1207108.83870477, 1.95, 1.81, 1.24
04-1-089124, 234244.50806550, -1222965.50589491, 1211628.50817912, 1.19, 1.05, 1.87
04-1-089125, 234822.58054820, -1221367.89433542, 1213127.19133294, 1.24, 0.99, 1.57
04-1-089127, 242247.80531575, -1220868.44784192, 1212169.54007423, 1.15, 0.92, 1.81
04-1-089130, 253082.82122784, -1208383.38974482, 1222422.77015285, 1.23, 1.15, 1.22
04-1-089131, 255268.62828810, -1211126.92633190, 1219249.05401881, 1.05, 0.96, 1.60
04-1-089132, 251426.43147133, -1207721.90123255, 1223417.88397948, 2.43, 2.18, 1.60
04-1-089134, 249413.89899918, -1205327.59287031, 1226187.93863399, 1.57, 1.35, 1.47
04-1-089139, 238262.59746103, -1207849.67573161, 1225923.67441295, 1.65, 1.38, 1.39
04-1-089140, 233530.54452597, -1208843.23874549, 1225854.91348394, 1.92, 1.91, 3.02
04-1-089141, 233026.51981664, -1219370.79916663, 1215480.25701855, 1.09, 0.95, 1.33
04-2-014359, 311276.99940638, -1383496.56974241, 1003794.11791041, 1.30, 1.04, 2.06
04-2-014364, 275081.58195101, -1386215.75031891, 1010591.30059540, 1.20, 1.07, 1.64
04-2-014374, 271897.33323155, -1384337.53215796, 1014021.79327685, 1.30, 1.12, 1.67
04-2-014376, 260672.69635886, -1385801.33085021, 1014969.54475826, 1.14, 1.02, 1.63
04-2-014380, 253409.64507155, -1381807.18304448, 1022228.55598510, 1.18, 0.98, 1.60
04-2-014382, 251971.13712832, -1385820.15488252, 1017139.02902978, 1.69, 1.56, 1.28
04-2-014498, 313527.47248512, -1347410.57416197, 1051068.04186675, 2.67, 2.42, 1.86
04-2-014743, 260405.75623410, -1335191.96130662, 1080745.12655960, 1.33, 1.16, 1.06
04-2-014848, 243579.04318885, -1328855.88715955, 1092414.77511091, 1.05, 0.96, 1.62
04-2-014855, 305354.17553483, -1304751.91088018, 1105866.19377661, 1.12, 0.92, 1.53
04-2-015146, 844770.35133068, -1024751.94172346, 1120180.91014204, 1.05, 0.95, 1.59
04-2-015160, 691408.92742262, -1125409.00111710, 1128701.48191845, 1.19, 0.96, 1.45
04-2-015177, 594611.34448354, -1186376.87256960, 1121385.76112034, 1.15, 1.00, 0.90
04-2-015201, 365415.61776696, -1270755.54445181, 1127036.17179617, 2.13, 1.94, 2.67
04-2-015208, 300958.43220515, -1287995.41660239, 1126521.45514227, 2.56, 2.10, 1.47
04-2-015217, 273898.25262549, -1293139.39936608, 1127532.26162972, 1.18, 1.04, 1.58
04-2-015289, 234297.57132150, -1291305.94382394, 1138504.44334566, 2.38, 2.16, 1.40
04-2-015291, 231485.78129645, -1274795.74234055, 1157527.06593322, 1.24, 1.08, 1.61
04-2-015316, 306938.35788287, -1276919.28248296, 1137464.17547252, 1.07, 1.00, 2.26
04-2-015342, 667773.17440241, -1135057.76841481, 1133261.49229104, 1.13, 0.95, 1.77
04-2-015586, 345584.34445916, -1232262.00096022, 1175015.14111702, 1.08, 0.99, 1.70
04-2-015592, 339207.17224228, -1244111.93606716, 1164337.89976734, 4.50, 3.18, 1.68
04-2-015597, 311551.36339868, -1254600.37960448, 1160806.78644671, 1.08, 0.92, 1.61
04-2-015602, 296991.90852838, -1257834.97701248, 1161122.61922361, 1.29, 1.10, 1.43
04-2-015604, 284138.38114982, -1258159.05732620, 1163984.50454703, 1.18, 1.13, 0.86
04-2-015608, 261685.59132893, -1254368.07308356, 1173303.09320289, 1.15, 0.91, 1.27
04-2-015611, 262558.42575743, -1258661.81546756, 1168500.00742305, 1.15, 1.02, 0.01
04-2-015614, 254062.50455691, -1255936.34522326, 1173300.85678206, 1.42, 1.38, 0.67
04-2-015621, 225143.03346452, -1262796.82411359, 1171841.94987679, 1.46, 1.34, 1.40
04-2-015707, 275452.99291468, -1226572.77537335, 1199251.28117807, 1.96, 1.60, 1.38
04-2-016022, 584373.93770761, -1095171.08738709, 1215592.92128553, 7.29, 6.65, 1.50
04-2-016023, 572916.61665588, -1098221.58700095, 1218291.69586134, 1.22, 1.09, 1.94
04-2-016065, 475150.53470569, -1154975.21516919, 1207817.44552469, 1.12, 0.93, 1.61
04-2-016081, 367805.50547456, -1183506.10757058, 1217617.00196972, 1.14, 1.04, 1.57
04-2-016100, 295603.24011331, -1198603.07462487, 1222508.95863152, 2.39, 2.09, 1.38
04-2-016101, 302480.61367383, -1211381.92537366, 1208146.54294481, 1.55, 1.29, 1.39
04-2-016107, 265414.07685252, -1220265.92818058, 1207917.70925428, 1.52, 1.26, 1.57
04-2-016112, 268431.84397363, -1208521.75789008, 1219007.08195121, 1.08, 0.95, 1.75
